0 108.623
1 86.314
2 96.9183
3 101.787
4 85.139
5 87.296
6 93.5753
7 89.6538
8 93.6926
9 91.1526
10 86.4996
11 96.3109
12 84.6151
13 98.7222
14 78.7008
15 117.462
16 89.2237
17 89.0785
18 99.7307
19 107.631
20 93.1843
21 86.7152
22 85.3634
23 101.55
24 91.766
25 86.4089
26 77.792
27 97.2069
28 100.687
29 91.778
30 95.4629
31 105.791
32 80.9637
33 68.0145
34 90.8284
35 76.6128
36 92.8882
37 97.9945
38 87.8292
39 91.1243
40 87.2345
41 69.2328
42 99.7543
43 77.8458
44 87.1586
45 81.1535
46 83.9462
47 80.4774
48 99.7325
49 93.5248
50 72.1602
51 86.8436
52 87.0988
53 83.192
54 94.4395
55 100.552
56 88.221
57 82.9388
58 85.5922
59 88.6922
60 86.7301
61 81.788
62 79.7209
63 82.7268
64 92.5951
65 87.1574
66 91.6072
67 81.9224
68 79.7667
69 72.6662
70 83.2517
71 91.5567
72 100.089
73 89.2257
74 95.1543
75 79.4065
76 87.5631
77 100.14
78 86.3332
79 73.2992
80 79.7054
81 86.8312
82 81.111
83 86.7323
84 92.1052
85 73.3757
86 78.5462
87 80.1468
88 82.3759
89 82.0089
90 80.6886
91 76.2666
92 85.7837
93 73.0391
94 73.3723
95 79.402
96 81.0448
97 74.1323
98 91.3843
99 88.1471
100 76.7379
101 73.1619
102 87.4544
103 80.1052
104 68.8703
105 79.8965
106 76.6243
107 85.5466
108 81.2499
109 91.1824
110 94.508
111 77.7507
112 86.8522
113 71.6297
114 98.0093
115 81.5866
116 78.2656
117 79.016
118 86.3124
119 78.7036
120 88.4488
121 68.0393
122 72.0319
123 79.1837
124 62.776
125 92.5
126 87.7619
127 86.6585
128 80.9341
129 94.6203
130 76.0503
131 77.9504
132 80.842
133 73.1878
134 79.2562
135 88.2986
136 80.6313
137 83.5917
138 67.0566
139 80.4041
140 74.8997
141 79.8674
142 79.402
143 76.2811
144 76.7597
145 74.8528
146 87.8835
147 81.7072
148 80.0776
149 79.9903
150 80.4035
151 74.0929
152 80.0862
153 82.1666
154 73.1538
155 79.2254
156 75.4356
157 62.3459
158 69.3554
159 72.5415
160 73.4745
161 84.4569
162 83.0605
163 85.5709
164 80.0827
165 60.2777
166 74.8036
167 78.9754
168 78.779
169 77.0888
170 70.7115
171 67.3584
172 72.6246
173 76.9054
174 80.6772
175 75.2423
176 82.8471
177 69.5705
178 72.2117
179 79.8911
180 67.6276
181 79.3237
182 69.0275
183 72.2702
184 75.2842
185 80.4835
186 70.9317
187 77.9571
188 66.8291
189 59.0373
190 75.5113
191 68.9812
192 73.828
193 70.4395
194 59.3942
195 74.3426
196 73.4982
197 68.6509
198 69.9989
199 58.2516
200 67.0074
201 63.6303
202 65.8795
203 67.3151
204 75.0248
205 74.1389
206 69.7045
207 74.8056
208 72.9598
209 66.7122
210 77.7437
211 68.6445
212 72.3881
213 73.8565
214 73.8962
215 79.1986
216 71.6072
217 69.9483
218 65.5667
219 65.9289
220 69.6079
221 62.5854
222 75.7948
223 73.4121
224 66.272
225 64.7946
226 63.8924
227 71.6776
228 69.3704
229 70.9358
230 74.7493
231 74.1354
232 63.2011
233 56.2907
234 77.5389
235 70.0634
236 70.6249
237 83.2826
238 70.3724
239 58.7897
240 71.2756
241 69.4738
242 63.2909
243 67.0346
244 64.5427
245 76.4483
246 61.9134
247 56.1104
248 75.817
249 66.9541
250 70.3329
251 59.6405
252 61.028
253 65.6696
254 71.6825
255 67.9141
256 72.0182
257 61.917
258 75.8233
259 60.8516
260 59.9767
261 66.4495
262 56.6172
263 61.3017
264 64.8997
265 68.0061
266 62.7499
267 70.4398
268 70.4177
269 60.2009
270 63.0055
271 64.3794
272 63.8982
273 67.3999
274 64.5213
275 64.5981
276 58.5669
277 60.2609
278 75.8263
279 65.7274
280 64.6734
281 70.9254
282 55.1509
283 65.9048
284 58.258
285 66.7735
286 65.3598
287 62.3926
288 57.2865
289 60.8438
290 72.1777
291 59.5585
292 60.7712
293 70.4217
294 71.5111
295 54.3422
296 66.7216
297 51.3159
298 62.5825
299 68.6759
300 70.3466
301 67.3878
302 62.3012
303 62.2301
304 77.0055
305 64.473
306 70.4619
307 66.1376
308 54.6761
309 68.4581
310 60.634
311 52.423
312 66.218
313 60.8765
314 52.5024
315 58.1995
316 62.4745
317 70.6439
318 57.9942
319 66.6128
320 57.8323
321 63.2154
322 63.4307
323 66.6405
324 65.6827
325 72.7472
326 60.8051
327 55.5454
328 56.258
329 57.7367
330 56.0705
331 63.1457
332 55.1509
333 56.3225
334 58.6143
335 61.705
336 63.5153
337 58.9164
338 51.4334
339 53.8391
340 56.5825
341 61.9793
342 54.5006
343 62.9883
344 63.1172
345 53.1285
346 57.9483
347 56.4044
348 61.2581
349 58.4044
350 61.4822
351 55.6629
352 59.2154
353 57.7656
354 63.149
355 55.4979
356 65.1265
357 59.7396
358 58.2494
359 55.2646
360 53.0351
361 53.8838
362 62.9325
363 55.4979
364 50.6788
365 58.4175
366 66.1995
367 58.3225
368 62.8041
369 58.8897
370 62.2685
371 52.2355
372 68.2911
373 50.9679
374 56.4689
375 57.1683
376 52.4559
377 54.0798
378 54.4913
379 57.2428
380 50.9772
381 55.2553
382 61.7452
383 59.159
384 57.4334
385 57.9122
386 52.0657
387 51.4296
388 54.7499
389 67.498
390 57.3662
391 54.1488
392 49.3782
393 54.3645
394 59.6609
395 54.425
396 59.0395
397 60.2394
398 56.5651
399 54.6503
400 57.4848
401 52.5695
402 54.9083
403 56.8591
404 50.4361
405 59.4176
406 47.5585
407 52.4137
408 55.159
409 46.2784
410 56.7953
411 57.3105
412 53.1285
413 55.3073
414 55.329
415 51.5138
416 55.0778
417 54.5006
418 56.4913
419 58.7014
420 47.3558
421 50.7831
422 46.9772
423 49.7411
424 43.7858
425 48.6656
426 53.8279
427 52.2711
428 56.0705
429 50.3745
430 55.8477
431 53.1776
432 60.4067
433 53.7367
434 47.0219
435 46.9127
436 51.2553
437 56.4664
438 58.9995
439 50.4493
440 47.9148
441 56.7853
442 57.0324
443 47.5563
444 49.1542
445 53.9547
446 45.8771
447 61.5138
448 51.0219
449 51.1509
450 45.2001
451 47.6077
452 52.6788
453 59.6536
454 59.9055
455 57.3413
456 45.964
457 53.857
458 56.9925
459 51.5072
460 48.7793
461 57.4009
462 58.2355
463 53.1683
464 48.0798
465 52.9969
466 48.5918
467 49.3755
468 54.7488
469 48.1197
470 53.3755
471 62.4466
472 49.6077
473 51.7858
474 52.6854
475 52.3225
476 51.7384
477 48.3623
478 48.0798
479 44.2066
480 49.0219
481 47.6208
482 54.0192
483 54.2661
484 49.3558
485 50.6656
486 49.4203
487 50.6695
488 53.228
489 58.4893
490 47.2001
491 48.4361
492 54.9995
493 48.0798
494 53.1069
495 49.7235
496 47.2001
497 53.0417
498 51.4532
499 47.3848
500 45.6722
501 40.5498
502 48.799
503 53.7765
504 48.8569
505 50.6663
506 52.7831
507 50.4875
508 44.476
509 49.4493
510 50.6656
511 47.0219
512 52.8029
513 46.0552
514 50.9481
515 45.1263
516 49.4203
517 40.3071
518 51.7565
519 44.129
520 50.2711
521 52.7177
522 49.0393
523 48.2133
524 42.3848
525 44.3071
526 47.1553
527 46.6143
528 45.6077
529 46.9481
530 48.6962
531 50.7301
532 49.4427
533 49.311
534 46.2978
535 48.7924
536 41.6569
537 47.5984
538 49.0219
539 46.2066
540 50.5273
541 49.0864
542 51.1062
543 46.1842
544 44.1935
545 47.7858
546 52.9679
547 48.5405
548 44.9574
549 48.1197
550 49.494
551 47.6722
552 46.8122
553 50.5006
554 45.6476
555 48.3623
556 47.2646
557 46.8836
558 53.3935
559 49.6722
560 50.605
561 40.8929
562 49.9613
563 46.6788
564 41.1356
565 39.6569
566 45.2913
567 40.5498
568 42.129
569 43.1356
570 48.5695
571 44.7793
572 45.6077
573 43.3651
574 45.7213
575 52.6143
576 43.2913
577 40.9574
578 44.4853
579 44.6011
580 47.8503
581 43.1356
582 45.3651
583 42.129
584 47.3956
585 43.3651
586 46.1935
587 45.7858
588 49.7858
589 43.3651
590 48.4361
591 40.5498
592 43.964
593 44.3716
594 43.4787
595 48.258
596 45.7858
597 44.8569
598 48.9481
599 46.3225
600 46.0285
601 46.6143
602 42.6143
603 42.0552
604 45.1356
605 45.0864
606 44.5498
607 47.4427
608 40.2426
609 42.129
610 48.0153
611 44.9127
612 43.6766
613 42.9574
614 49.1908
615 47.2646
616 42.3716
617 41.4787
618 39.8995
619 41.7858
620 39.3006
621 44.7924
622 46.4361
623 46.0285
624 39.4787
625 42.7279
626 43.7858
627 46.0798
628 44.0153
629 45.0864
630 41.9508
631 43.8771
632 45.1553
633 44.1935
634 46.129
635 40.4853
636 44.7793
637 47.2001
638 39.4787
639 45.2001
640 39.3006
641 44.8438
642 45.2001
643 42.2426
644 38.6503
645 40.9574
646 44.476
647 42.5498
648 43.0219
649 46.8569
650 46.5273
651 39.6569
652 44.1935
653 42.3716
654 41.7213
655 41.964
656 40.3071
657 40.8929
658 44.7924
659 41.7213
660 40.3071
661 39.8995
662 40.3071
663 40.3071
664 41.4787
665 40.4853
666 38.2426
667 38.8284
668 40.7148
669 40.4853
670 42.3071
671 46.7252
672 41.3137
673 42.7279
674 45.2001
675 43.9508
676 41.5432
677 41.3137
678 38.8929
679 43.6476
680 39.4049
681 41.0711
682 41.4787
683 39.6569
684 41.5432
685 42.8929
686 40.9574
687 40.8929
688 42.7148
689 44.7793
690 39.6569
691 41.1356
692 40.5498
693 38.8929
694 42.6011
695 40.5498
696 40.8929
697 40.5498
698 43.5432
699 45.5563
700 42.7148
701 42.5366
702 43.1356
703 38.2426
704 38.2426
705 38.6503
706 38.0645
707 39.0711
708 38.8929
709 43.3137
710 42.129
711 41.6569
712 43.5432
713 40.4853
714 39.4787
715 40.8929
716 40.5498
717 44.0285
718 40.8929
719 39.0711
720 38.4853
721 38.8929
722 42.5498
723 38.6503
724 39.8995
725 40.7279
726 40.3071
727 39.0711
728 42.9574
729 40.2426
730 43.6077
731 39.0711
732 40.0645
733 38.4853
734 39.8995
735 38.2426
736 38.4853
737 41.0711
738 39.0711
739 40.5498
740 38.2426
741 41.8995
742 45.6722
743 39.7213
744 37.6569
745 40.7148
746 42.1421
747 41.8995
748 39.4787
749 41.6569
750 41.8995
751 39.0711
752 42.9574
753 42.7793
754 41.8771
755 38.8929
756 38.8929
757 40.8929
758 41.3137
759 43.1356
760 40.3071
761 36.8284
762 43.7858
763 40.4853
764 39.3137
765 41.7213
766 41.1356
767 38.2426
768 39.7213
769 42.129
770 37.6569
771 41.0711
772 42.7055
773 41.9508
774 39.0711
775 37.6569
776 39.6569
777 38.0645
778 39.7213
779 38.4853
780 44.3716
781 38.0645
782 37.2361
783 40.3071
784 40.9574
785 41.6569
786 39.3137
787 39.6569
788 40.4853
789 41.3006
790 38.2426
791 38.8929
792 37.6569
793 39.3006
794 37.6569
795 39.0711
796 37.6569
797 37.6569
798 37.6569
799 39.8995
800 40.3071
801 38.2426
802 37.6569
803 39.0711
804 39.8995
805 39.4787
806 39.8995
807 38.2426
808 38.4853
809 40.7148
810 39.4787
811 38.0645
812 37.6569
813 37.6569
814 38.4853
815 40.2426
816 40.3071
817 38.4853
818 39.4787
819 38.6503
820 36.8284
821 38.8929
822 36.8284
823 36.8284
824 36.8284
825 39.8995
826 38.2426
827 37.6569
828 36.8284
829 39.3137
830 38.8929
831 38.0645
832 36
833 38.4853
834 41.0711
835 37.6569
836 36.8284
837 39.0711
838 38.8929
839 37.6569
840 37.6569
841 38.0645
842 40.5366
843 37.6569
844 36
845 38.2426
846 36.8284
847 38.2426
848 36.8284
849 36.8284
850 36.8284
851 36
852 38.6503
853 37.6569
854 38.0645
855 37.6569
856 40.5498
857 37.4142
858 36
859 37.6569
860 38.2426
861 36.8284
862 37.6569
863 36.8284
864 37.4142
865 37.6569
866 38.2426
867 38.4853
868 36.8284
869 38.2426
870 40.4853
871 38.8929
872 36.8284
873 37.6569
874 37.6569
875 36.8284
876 39.7213
877 37.6569
878 39.7213
879 36.8284
880 38.2426
881 36.8284
882 36.8284
883 37.6569
884 39.8863
885 38.8929
886 36.8284
887 38.2426
888 36.8284
889 36
890 37.2361
891 37.6569
892 37.6569
893 36.8284
894 37.6569
895 37.6569
896 36
897 36
898 38.2426
899 37.2361
900 36.8284
901 37.6569
902 36.8284
903 37.6569
904 38.4853
905 36
906 36.8284
907 36
908 37.6569
909 36.8284
910 36
911 36.8284
912 37.6569
913 36
914 36
915 38.8284
916 37.6569
917 36.8284
918 37.6569
919 38.4853
920 36
921 36.8284
922 36.8284
923 36
924 36
925 36
926 36
927 36
928 36
929 36.8284
930 37.6569
931 36
932 36
933 36.8284
934 36
935 36.8284
936 37.2361
937 36
938 36
939 36
940 36.8284
941 36.8284
942 36.8284
943 36.8284
944 36
945 37.4142
946 36
947 36.8284
948 36.8284
949 38.2426
950 36.8284
951 36
952 36.8284
953 36
954 37.6569
955 36.8284
956 36
957 36
958 36
959 36
960 36
961 36.8284
962 36
963 36
964 36
965 36.8284
966 36.8284
967 37.6569
968 36
969 36.8284
970 36
971 36
972 36
973 36
974 36
975 37.6569
976 36
977 36
978 36
979 37.2361
980 36
981 36
982 36
983 36
984 36
985 36
986 36
987 36
988 36
989 36
990 36
991 36
992 36
993 36
994 36
995 36
996 36
997 36
998 36
999 36
1000 36
1001 36
1002 36
1003 36
1004 36
1005 36
1006 36
