0 52.8131
1 67.1932
2 55.2018
3 53.5466
4 54.6221
5 56.8058
6 50.9417
7 54.3992
8 47.7291
9 58.9622
10 54.1621
11 51.6572
12 43.823
13 48.6854
14 49.6926
15 52.249
16 47.3465
17 44.3784
18 51.296
19 43.563
20 43.5853
21 51.275
22 46.5471
23 49.9859
24 40.4958
25 46.8914
26 43.1683
27 45.3885
28 38.9257
29 39.5115
30 44.1395
31 43.6629
32 48.8624
33 33.2268
34 43.282
35 35.1356
36 33.7858
37 38.7301
38 34.0153
39 40.3597
40 37.8809
41 34.9574
42 37.2777
43 33.3651
44 27.6569
45 34.9481
46 35.7858
47 35.4694
48 29.3006
49 32.7793
50 30.4853
51 33.7121
52 35.9415
53 31.5432
54 33.7213
55 28.8929
56 30.7793
57 30.7148
58 27.4787
59 27.4787
60 31.7213
61 28.2426
62 28.4853
63 28.3071
64 28.6503
65 26.2426
66 27.6569
67 29.1356
68 28.3071
69 28.8929
70 26.6503
71 26.2426
72 25.4142
73 25.4142
74 26.6503
75 27.4142
76 28.4853
77 28.3071
78 26.2426
79 27.0711
80 29.0711
81 26.6503
82 26
83 25.4142
84 26.2426
85 27.6569
86 25.4142
87 25.4142
88 26.2426
89 25.4142
90 26.2426
91 25.4142
92 25.4142
93 25.4142
94 25.4142
95 25.4142
96 25.4142
97 25.4142
98 25.4142
99 25.4142
100 25.4142
