0 37.4061
1 27.2514
2 32.1935
3 33.9613
4 25.5432
5 28.3071
6 25.4892
7 26.1935
8 27.0393
9 28.6608
10 28.0552
11 28.1371
12 29.3203
13 24.5564
14 28.6515
15 26.2978
16 27.964
17 29.4154
18 25.5432
19 24.9574
20 26.3783
21 30.3176
22 33.2198
23 27.3848
24 25.728
25 28.4535
26 29.2514
27 26.129
28 26.0552
29 25.1356
30 30.6209
31 25.0684
32 23.2913
33 25.7411
34 25.2268
35 25.3651
36 28.1395
37 32.1263
38 28.1371
39 27.4892
40 24.0552
41 28.5471
42 27.8033
43 26.3783
44 30.7252
45 24.8929
46 29.1038
47 27.2663
48 23.2913
49 26.0645
50 25.4694
51 26.3585
52 25.6989
53 25.4694
54 27.2175
55 24.5564
56 23.0711
57 27.2372
58 25.9061
59 29.3732
60 27.5984
61 28.5695
62 25.7727
63 28.104
64 25.8968
65 28.5762
66 31.494
67 26.641
68 21.8126
69 27.9061
70 29.311
71 27.7121
72 31.8279
73 27.9415
74 28.1197
75 24.7055
76 27.7727
77 26.7055
78 26.641
79 25.1869
80 23.9508
81 28.5498
82 31.2001
83 23.1224
84 30.7055
85 24.8836
86 26.77
87 27.0733
88 21.0711
89 21.6569
90 27.0219
91 28.6143
92 28.9547
93 30.075
94 27.2465
95 31.6143
96 27.2001
97 27.1869
98 26.7793
99 20.8929
100 26.9574
101 26.5498
102 23.7411
103 26.9127
104 29.3558
105 29.2913
106 25.9706
107 26.1488
108 25.0486
109 27.0219
110 29.8968
111 24.3071
112 25.5339
113 20.6503
114 22.9574
115 26.0552
116 19.6569
117 21.5432
118 24.4628
119 27.7213
120 26.2847
121 28.3798
122 27.7727
123 21.9508
124 26.7055
125 23.964
126 29.3558
127 27.1263
128 23.9061
129 23.1623
130 30.7766
131 22.5498
132 26.6317
133 23.5432
134 28.9034
135 25.2913
136 23.6766
137 26.4721
138 26.171
139 28.075
140 28.1197
141 24.964
142 24.5366
143 26.9574
144 23.3006
145 25.7925
146 21.8126
147 32.0142
148 31.1776
149 24.8836
150 25.4787
151 22.6011
152 26.3716
153 24.7148
154 27.2067
155 25.4694
156 23.3651
157 29.3203
158 23.5432
159 22.3585
160 26.935
161 27.282
162 27.1131
163 27.7634
164 24.8482
165 24.5366
166 22.8836
167 20.129
168 26.8705
169 21.6476
170 25.2913
171 24.3716
172 24.7793
173 26.1197
174 27.5208
175 24.4628
176 30.3623
177 27.8614
178 27.6158
179 24.0645
180 24.7148
181 23.5432
182 21.4787
183 22.641
184 24.0552
185 22.5366
186 24.868
187 22.3071
188 23.4787
189 21.0711
190 20.0645
191 26.2016
192 24.5366
193 29.2663
194 26.9655
195 28.0105
196 19.6569
197 20.4853
198 25.3848
199 20.6503
200 21.6569
201 20.4853
202 25.1422
203 18.2426
204 20
205 29.7213
206 22.2847
207 22.8929
208 24.0843
209 25.3651
210 30.0153
211 22.67
212 24.0153
213 24.1935
214 21.2268
215 26.5273
216 24.7148
217 21.8126
218 20.2426
219 20.9443
220 18.8284
221 22.7148
222 23.3651
223 21.8771
224 23.7213
225 26.7568
226 26.2978
227 20.7148
228 27.5405
229 21.8863
230 23.8902
231 26.7055
232 25.3006
233 24.9574
234 24.2241
235 20.6503
236 23.2913
237 18.2426
238 19.0711
239 25.5432
240 23.0908
241 24.8836
242 22.5366
243 22.5366
244 23.1131
245 22.7148
246 25.5853
247 20.0645
248 20.8929
249 22.3071
250 26.423
251 22.7345
252 24.9127
253 22.129
254 25.1422
255 22.8929
256 24.8929
257 24.0105
258 19.6569
259 22.4853
260 25.8995
261 19.4787
262 20.8929
263 19.2361
264 29.659
265 21.5432
266 23.8126
267 22.3071
268 22.0552
269 24.3071
270 23.9061
271 21.2268
272 24.0552
273 20.7148
274 22.5498
275 24.6011
276 22.129
277 22.8929
278 26.4628
279 24.5273
280 19.8863
281 18.2426
282 22.3716
283 23.3006
284 21.0711
285 22.129
286 20.2426
287 24.4721
288 21.9508
289 25.3651
290 20.8929
291 18.2426
292 22.8284
293 22.641
294 22.129
295 21.7213
296 22.2426
297 19.6569
298 23.5432
299 23.9907
300 18.2426
301 19.6569
302 24.0552
303 23.7213
304 24.9127
305 18.6503
306 23.8771
307 19.4787
308 21.3651
309 24.641
310 25.0618
311 21.6569
312 24.9574
313 18.2426
314 19.0711
315 22.7055
316 19.2361
317 20.6503
318 19.4787
319 22.129
320 18.2426
321 18.0645
322 21.1356
323 18.6503
324 20.3071
325 27.5339
326 20.0645
327 19.4787
328 23.8863
329 19.0711
330 23.9508
331 21.4787
332 22.0645
333 20.7148
334 16.8284
335 19.2361
336 21.3006
337 18.8284
338 20.3071
339 22.2426
340 22.8836
341 20.129
342 16.8284
343 21.0486
344 18.8284
345 20.8929
346 24.2624
347 20.0645
348 21.0711
349 22.4853
350 21.0711
351 20.6503
352 19.8126
353 22.9574
354 19.4142
355 20.3071
356 18.8929
357 19.4787
358 22.5366
359 17.4142
360 19.6569
361 18.8929
362 21.8126
363 24.1935
364 20.2624
365 22.129
366 18.6503
367 23.3006
368 17.4142
369 24.129
370 20.8929
371 17.6569
372 24.3891
373 18.8284
374 18.8284
375 18.2426
376 19.4787
377 20.6503
378 20.129
379 17.6569
380 21.1356
381 19.0711
382 22.129
383 20.3071
384 21.434
385 21.2268
386 18.2426
387 22.8929
388 19.6569
389 21.1224
390 21.6476
391 21.6569
392 20.0645
393 19.4787
394 21.9508
395 21.1224
396 23.5606
397 20.0645
398 22.0645
399 21.5432
400 19.0711
401 18.6503
402 18.8929
403 20.8929
404 19.8863
405 19.3006
406 18.2426
407 21.4787
408 23.3651
409 18.6503
410 17.6569
411 18.6503
412 18.2426
413 21.5432
414 21.3006
415 22.0198
416 18.2426
417 21.1224
418 20.0645
419 18.2426
420 22.129
421 18.6503
422 19.0711
423 19.4787
424 23.3651
425 19.3006
426 18.0645
427 16.8284
428 19.4787
429 18.0645
430 18.8284
431 20.2426
432 17.2361
433 18.8284
434 19.0711
435 17.6569
436 19.3006
437 17.4142
438 16.8284
439 19.0711
440 17.4142
441 21.9508
442 21.9061
443 19.7082
444 17.6569
445 16.8284
446 18.2426
447 16.8284
448 18.8284
449 16
450 18.4853
451 16.8284
452 17.4142
453 19.4142
454 16.8284
455 20.8191
456 17.6569
457 17.4142
458 17.2361
459 22.0843
460 17.6569
461 19.4787
462 16.8284
463 17.6569
464 17.4142
465 17.2361
466 17.4142
467 18.0645
468 16
469 20.641
470 18.0645
471 16.8284
472 16.8284
473 20.2426
474 19.6569
475 17.4142
476 19.2361
477 20.129
478 16
479 16
480 17.6569
481 21.2268
482 18.8284
483 18.8929
484 18.2426
485 18.2426
486 19.4787
487 18
488 19.8995
489 17.6569
490 19.8863
491 18.0645
492 20.5765
493 21.4787
494 17.6569
495 19.6569
496 20.3071
497 19.4787
498 16
499 18.8284
500 18.6503
501 18.4721
502 18.2426
503 16.8284
504 18.0645
505 18.6503
506 18.0645
507 17.4142
508 18.0645
509 18.8284
510 20.0645
511 16.8284
512 19.0711
513 18.2426
514 16.8284
515 18.6503
516 18.0645
517 16.8284
518 18.6503
519 19.6569
520 19.4787
521 18.8284
522 17.4142
523 18.6503
524 16
525 19.4787
526 16.8284
527 18.4721
528 18.8284
529 17.4142
530 18.2426
531 20.0645
532 16
533 18.0645
534 16.8284
535 16.8284
536 19.4787
537 18.2426
538 17.6569
539 16.8284
540 16.8284
541 17.4142
542 16.8284
543 16.8284
544 18.2426
545 18.2426
546 17.6569
547 19.0711
548 18.6503
549 17.6569
550 17.4142
551 17.4142
552 19.6569
553 18.2426
554 17.6569
555 18.4853
556 16.8284
557 18.2426
558 18.0645
559 18.0645
560 18.2426
561 18.0645
562 17.6569
563 18.0645
564 17.2361
565 16
566 18.6503
567 16.8284
568 16.8284
569 17.2361
570 17.2361
571 17.6569
572 18.2426
573 19.4787
574 17.6569
575 16.8284
576 17.2361
577 17.4142
578 19.4787
579 16
580 17.6569
581 17.2361
582 16.8284
583 18.8284
584 16.8284
585 16.8284
586 16
587 18.0645
588 16
589 16
590 17.6569
591 18.2426
592 16
593 18.0645
594 17.6569
595 18.0645
596 16
597 16.8284
598 17.2361
599 16.8284
600 16
601 18.5765
602 19.0711
603 17.2361
604 16
605 16
606 16
607 17.4142
608 18.8284
609 17.6569
610 16
611 18.2426
612 16.8284
613 16.8284
614 18
615 16.8284
616 16.8284
617 16.8284
618 18.0645
619 17.6569
620 16
621 16
622 17.4142
623 16.8284
624 16
625 16
626 17.2361
627 18.6503
628 16
629 16
630 16
631 16.8284
632 19.8995
633 18.0645
634 17.6569
635 16.8284
636 16.8284
637 16.8284
638 16
639 16.8284
640 16
641 17.6569
642 16.8284
643 16.8284
644 17.4142
645 16
646 16.8284
647 16.8284
648 16
649 18.0645
650 16
651 16
652 16
653 16
654 17.4142
655 18.2426
656 16.8284
657 16.8284
658 16.8284
659 16
660 17.2361
661 16
662 16
663 16.8284
664 16.8284
665 16
666 16.8284
667 17.6569
668 16.8284
669 16.8284
670 16
671 16.8284
672 16.8284
673 16
674 16.8284
675 16.8284
676 16
677 17.6569
678 16
679 16
680 16
681 16
682 16
683 16
684 16.8284
685 16.8284
686 17.4142
687 16
688 17.4142
689 16
690 16
691 17.4142
692 16.8284
693 19.4787
694 16.8284
695 16.8284
696 16.8284
697 16
698 16
699 16
700 17.6569
701 17.6569
702 17.2361
703 16.8284
704 16
705 16.8284
706 16.8284
707 16.8284
708 16
709 16.8284
710 16
711 16
712 16
713 17.4142
714 16
715 17.2361
716 17.4142
717 16
718 16
719 17.2361
720 16.8284
721 16
722 16
723 16.8284
724 16.8284
725 16
726 16
727 16
728 16
729 16
730 16.8284
731 16
732 16
733 16
734 16
735 16
736 16
737 17.2361
738 16
739 16
740 16.8284
741 16
742 16
743 16.8284
744 16
745 18.8284
746 16.8284
747 16
748 17.6569
749 16
750 16
751 16
752 16
753 16
754 16
755 17.2361
756 16.8284
757 16
758 16.8284
759 16
760 16
761 16
762 16
763 16
764 16
765 16
766 16.8284
767 16
768 16
769 16
770 16
771 16.8284
772 16
773 16
774 16
775 16
776 16
777 16
778 16.8284
779 16
780 16.8284
781 16
782 16
783 16
784 16
785 16
786 16.8284
787 16
788 16
789 16
790 16
791 16
792 16
793 16
794 16
795 16
796 16.8284
797 16
798 16
799 16
800 16
801 16
802 16
803 16
804 16
805 16
806 16
807 16
808 16
809 16
810 16
811 16
812 16
813 16
814 16
815 16
816 16
817 16
818 16
819 16
820 16
821 16
822 16
823 16
824 16
825 16
826 16
827 16
828 16
829 16
830 16
831 16
832 16
833 16
