0 543.137
1 442.464
2 406.03
3 406.852
4 401.638
5 381.457
6 400.998
7 405.514
8 406.03
9 443.364
10 413.472
11 399.921
12 404.035
13 402.698
14 424.975
15 412.673
16 399.334
17 410.577
18 394.544
19 416.936
20 420.979
21 429.602
22 435.96
23 401.689
24 402.332
25 378.235
26 397.841
27 364.346
28 380.069
29 405.432
30 386.215
31 414.832
32 382.622
33 414.493
34 379.079
35 368.913
36 399.773
37 415.553
38 415.894
39 393.176
40 398.854
41 348.846
42 356.42
43 406.359
44 393.634
45 406.673
46 393.447
47 381.762
48 351.652
49 358.28
50 404.04
51 382.127
52 400.048
53 377.774
54 390.443
55 373.373
56 374.962
57 370.824
58 370.019
59 379.192
60 374.794
61 393.108
62 381.275
63 387.333
64 357.818
65 371.808
66 376.142
67 371.55
68 392.339
69 369.691
70 392.295
71 359.082
72 380.266
73 406.955
74 361
75 380.432
76 395.691
77 376.589
78 352.171
79 380.092
80 370.041
81 398.404
82 329.973
83 388.677
84 372.181
85 399.418
86 381.047
87 377.746
88 389.21
89 372.554
90 341.944
91 361.284
92 373.359
93 366.082
94 362.303
95 352.009
96 351.19
97 372.219
98 348.858
99 336.556
100 348.889
101 349.475
102 337.804
103 350.932
104 373.902
105 338.438
106 370.545
107 347.217
108 355.81
109 315.433
110 349.831
111 337.524
112 362.732
113 401.91
114 366.682
115 363.458
116 345.361
117 351.329
118 321.615
119 375.745
120 352.3
121 339.715
122 334.156
123 365.334
124 347.579
125 364.618
126 349.808
127 309.836
128 358.416
129 380.687
130 348.719
131 363.645
132 301.822
133 360.049
134 344.501
135 347.588
136 334.681
137 331.218
138 347.813
139 351.352
140 321.136
141 322.958
142 324.761
143 338.498
144 307.708
145 296.552
146 323.823
147 342.137
148 323.153
149 399.402
150 314.057
151 315.939
152 342.837
153 327.094
154 359.274
155 326.019
156 325.794
157 327.313
158 336.507
159 319.417
160 317.898
161 354.56
162 325.895
163 368.011
164 302.637
165 306.801
166 294.423
167 287.761
168 322.014
169 318.751
170 325.744
171 332.034
172 369.619
173 308.645
174 357.488
175 298.458
176 340.312
177 309.594
178 332.639
179 326.921
180 338.164
181 293.807
182 308.714
183 322.463
184 318.458
185 297.184
186 331.088
187 347.11
188 296.932
189 300.456
190 323.272
191 287.378
192 300.805
193 305.137
194 324.157
195 291.471
196 319.234
197 301.788
198 278.21
199 322.343
200 301.555
201 317.769
202 272.945
203 318.288
204 312.719
205 322.835
206 305.224
207 331.831
208 316.262
209 328.143
210 314.342
211 286.324
212 318.546
213 304.244
214 292.66
215 293.834
216 291.679
217 328.42
218 299.018
219 300.525
220 320.561
221 314.794
222 309.87
223 309.515
224 309.7
225 303.006
226 315.828
227 302.073
228 304.89
229 305.759
230 269.85
231 298.178
232 297.781
233 300.486
234 314.092
235 280.249
236 305.663
237 287.053
238 314.17
239 341.259
240 285.58
241 291.382
242 303.501
243 273.403
244 300.06
245 288.273
246 270.274
247 260.91
248 301.027
249 285.55
250 310.275
251 280.13
252 271.749
253 297.609
254 276.869
255 303.258
256 298.156
257 287.339
258 263.909
259 279.719
260 286.142
261 289.954
262 318.03
263 252.963
264 295.077
265 285.376
266 280.024
267 332.413
268 256.155
269 298.097
270 271.189
271 273.438
272 275.605
273 288.856
274 266.685
275 277.519
276 302.856
277 284.431
278 248.832
279 260.928
280 259.585
281 249.976
282 267.227
283 280.305
284 277.66
285 292.339
286 286.252
287 275.444
288 241.994
289 257.72
290 285.488
291 261.932
292 308.587
293 250.947
294 256.46
295 269.366
296 226.243
297 240.734
298 311.367
299 286.905
300 289.006
301 262.22
302 269.729
303 250.717
304 221.837
305 263.711
306 255.882
307 247.822
308 257.723
309 252.831
310 214.95
311 242.793
312 268.814
313 231.077
314 247.51
315 255.544
316 263.725
317 264.519
318 250.866
319 273.298
320 256.885
321 244.574
322 235.763
323 245.832
324 251.332
325 250.489
326 250.492
327 220.003
328 263.589
329 247.774
330 281.863
331 274.354
332 266.356
333 247.525
334 243.55
335 264.249
336 259.667
337 255.1
338 249.126
339 248.111
340 246.86
341 275.239
342 236.946
343 231.581
344 258.619
345 251.143
346 248.469
347 249.454
348 252.6
349 240.861
350 247.216
351 229.936
352 249.443
353 241.843
354 258.209
355 234.327
356 219.745
357 212.991
358 203.722
359 246.183
360 240.426
361 264.214
362 211.052
363 235.883
364 233.197
365 228.343
366 237.658
367 234.689
368 226.978
369 219.465
370 213.087
371 213.412
372 253.613
373 236.29
374 218.198
375 223.56
376 214.497
377 218.227
378 260.008
379 238.762
380 237.856
381 234.106
382 277.344
383 215.97
384 221.829
385 242.332
386 224.995
387 256.257
388 240.918
389 220.353
390 208.541
391 208.636
392 210.297
393 211.53
394 205.847
395 247.571
396 224.795
397 219.35
398 214.134
399 218.741
400 237.116
401 232.007
402 207.007
403 251.23
404 233.504
405 209.624
406 247.43
407 205.733
408 221.996
409 231.515
410 216.402
411 234.727
412 224.706
413 206.625
414 209.059
415 224.344
416 192.5
417 205.936
418 212.939
419 207.532
420 218.072
421 205.99
422 226.294
423 214.554
424 214.607
425 208.536
426 222.281
427 197.55
428 219.443
429 238.273
430 233.899
431 209.895
432 202.708
433 201.08
434 211.991
435 207.858
436 207.047
437 202.493
438 212.016
439 227.197
440 207.547
441 202.299
442 211.511
443 216.217
444 214.696
445 208.646
446 223.877
447 188.832
448 214.04
449 195.495
450 209.438
451 210.481
452 202.234
453 211.641
454 202.565
455 188.06
456 203.672
457 211.65
458 200.591
459 207.734
460 203.795
461 194.243
462 189.868
463 191.104
464 203.558
465 208.84
466 206.151
467 199.643
468 198.892
469 207.185
470 193.611
471 198.538
472 197.325
473 219.662
474 193.772
475 187.379
476 200.998
477 206.043
478 197.873
479 188.232
480 180.691
481 205.75
482 189.635
483 193.84
484 211.786
485 195.789
486 213.739
487 178.998
488 197.022
489 177.117
490 214.071
491 196.695
492 176.12
493 195.217
494 211.306
495 187.42
496 167.388
497 169.865
498 199.082
499 184.312
500 181.169
501 196.689
502 185.902
503 204.097
504 182.057
505 191.854
506 184.763
507 194.538
508 184.127
509 193.49
510 177.803
511 187.915
512 190.94
513 179.713
514 197.187
515 190.811
516 159.73
517 192.282
518 185.663
519 205.331
520 191.043
521 181.654
522 174.594
523 187.999
524 168.918
525 187.58
526 190.544
527 209.11
528 184.686
529 179.152
530 191.427
531 180.121
532 179.899
533 174.657
534 182.364
535 178.972
536 187.649
537 178.402
538 181.237
539 177.749
540 188.475
541 165.919
542 177.981
543 177.683
544 175.36
545 179.135
546 175.506
547 173.139
548 188.099
549 167.738
550 178.141
551 168.971
552 179.976
553 172.929
554 184.429
555 179.072
556 171.178
557 173.625
558 159.382
559 177.01
560 163.386
561 173.422
562 187.021
563 169.554
564 183.069
565 172.289
566 182.796
567 172.231
568 176.284
569 175.477
570 178.532
571 173.326
572 170.299
573 171.727
574 168.348
575 167.426
576 173.696
577 174.356
578 182.302
579 172.534
580 188.092
581 158.778
582 168.759
583 163.305
584 167.241
585 185.22
586 165.889
587 178.325
588 164.874
589 162.724
590 164.766
591 158.621
592 163.312
593 166.744
594 173.323
595 164.017
596 173.325
597 158.821
598 163.209
599 173.08
600 174.599
601 167.207
602 159.517
603 168.394
604 178.588
605 171.365
606 149.888
607 166.051
608 155.729
609 165.323
610 154.95
611 156.493
612 153.098
613 158.834
614 171.71
615 157.543
616 155.816
617 168.308
618 156.005
619 156.838
620 158.871
621 152.982
622 153.247
623 156.494
624 161.539
625 177.859
626 154.297
627 153.866
628 157.52
629 156.594
630 172.979
631 162.512
632 156.318
633 165.12
634 149.617
635 143.178
636 157.41
637 161.094
638 167.702
639 146.996
640 155.85
641 159.908
642 148.933
643 152.75
644 161.367
645 146.492
646 160.63
647 167.325
648 144.978
649 160.033
650 150.293
651 156.313
652 150.117
653 154.906
654 156.4
655 145.762
656 160.697
657 158.123
658 151.158
659 149.713
660 150.394
661 133.317
662 160.952
663 144.767
664 153.083
665 155.451
666 148.532
667 164.283
668 154.56
669 162.073
670 139.91
671 153.613
672 141.779
673 142.678
674 151.286
675 157.688
676 143.702
677 144.666
678 133.936
679 152.457
680 151.654
681 151.801
682 148.624
683 144.193
684 143.455
685 136.223
686 148.18
687 149.795
688 144.443
689 146.085
690 142.773
691 150.824
692 139.753
693 151.518
694 138.332
695 140.076
696 140.281
697 140.028
698 143.216
699 140.135
700 145.323
701 147.572
702 141.964
703 146.582
704 139.922
705 144.64
706 146.255
707 159.243
708 143.212
709 143.219
710 140.07
711 139.9
712 131.872
713 138.154
714 144.976
715 135.652
716 143.174
717 134.206
718 147.109
719 138.989
720 155.979
721 140.349
722 137.277
723 135.62
724 147.633
725 141.045
726 142.023
727 144.485
728 132.099
729 145.877
730 139.987
731 157.884
732 145.494
733 142.413
734 142.781
735 141.044
736 129.665
737 143.845
738 130.594
739 138.713
740 136.676
741 135.294
742 130.072
743 143.876
744 133.565
745 128.992
746 134.7
747 135.82
748 133.19
749 123.384
750 124.542
751 139.005
752 127.014
753 134.054
754 134.296
755 129.961
756 129.747
757 127.963
758 133.366
759 128.353
760 134.71
761 132.306
762 135.281
763 126.1
764 127.526
765 126.645
766 125.193
767 132.613
768 132.549
769 125.976
770 136.117
771 121.342
772 131.488
773 129.308
774 131.794
775 134.728
776 134.352
777 125.001
778 125.934
779 132.966
780 140.97
781 137.261
782 129.501
783 130.636
784 121.825
785 134.362
786 128.624
787 125.6
788 131.339
789 129.591
790 132.649
791 129.4
792 122.475
793 124.281
794 122.391
795 133.212
796 125.544
797 122.529
798 130.849
799 124.937
800 126.876
801 130.918
802 130.987
803 129.244
804 125.115
805 125.817
806 128.372
807 120.821
808 119.892
809 124.237
810 127.83
811 132.003
812 130.892
813 129.956
814 121.358
815 127.587
816 129.375
817 127.805
818 131.604
819 130.289
820 125.014
821 133.141
822 120.465
823 124.035
824 131.834
825 126.598
826 118.235
827 117.32
828 123.313
829 129.019
830 127.001
831 120.812
832 124.351
833 128.475
834 120.304
835 120.527
836 124.213
837 121.164
838 121.458
839 123.293
840 123.449
841 123.09
842 121.417
843 123.574
844 115.636
845 120.812
846 119.05
847 121.879
848 126.308
849 122.349
850 121.814
851 126.048
852 121.054
853 117.151
854 115.585
855 116.986
856 120.683
857 112.106
858 119.115
859 127.62
860 114.514
861 123.219
862 124.446
863 117.805
864 120.451
865 116.326
866 119.792
867 126.937
868 123.219
869 122.656
870 122.226
871 131.747
872 130.894
873 116.821
874 121.471
875 113.698
876 125.422
877 115.168
878 121.006
879 115.636
880 121.636
881 120.4
882 120.798
883 121.449
884 121.636
885 113.763
886 124.391
887 119.349
888 119.384
889 125.756
890 115.928
891 119.87
892 121.613
893 118.3
894 115.979
895 119.191
896 122.035
897 110.271
898 119.484
899 116.605
900 118.565
901 112.4
902 117.407
903 115.814
904 118.286
905 115.191
906 120.186
907 108.971
908 110.679
909 121.171
910 124.012
911 120.057
912 114.692
913 116.514
914 118.63
915 118.226
916 115.636
917 116.413
918 115.164
919 117.892
920 115.229
921 111.75
922 116.157
923 116.336
924 116.986
925 116.795
926 118.369
927 113.685
928 119.293
929 113.763
930 115.278
931 111.213
932 115.649
933 114.986
934 115.636
935 119.656
936 119.572
937 115.05
938 114.986
939 113.75
940 113.342
941 112.501
942 120.088
943 111.278
944 111.443
945 112.935
946 116.044
947 110.436
948 115.215
949 115.1
950 113.928
951 111.52
952 111.278
953 112.743
954 111.329
955 107.621
956 117.229
957 112.093
958 109.685
959 110.349
960 117.164
961 112.921
962 112.501
963 111.685
964 116.4
965 112.627
966 110.87
967 116.821
968 112.436
969 113.443
970 112.743
971 115.035
972 115.585
973 107.621
974 111.265
975 110.284
976 111.685
977 111.035
978 109.928
979 112.743
980 107.786
981 106.792
982 110.614
983 106.207
984 112.692
985 112.921
986 111.1
987 110.449
988 109.213
989 108.207
990 114.935
991 105.964
992 108.87
993 110.783
994 106.55
995 109.685
996 107.621
997 110.921
998 109.443
999 108.042
1000 109.213
1001 109.685
1002 108.627
1003 106.957
1004 108.627
1005 108.449
1006 106.728
1007 107.786
1008 109.278
1009 106.971
1010 109.035
1011 110.449
1012 109.278
1013 107.213
1014 108.792
1015 113.035
1016 106.971
1017 107.863
1018 104.728
1019 107.621
1020 108.207
1021 110.028
1022 108.436
1023 112.093
1024 107.621
1025 114.336
1026 115.507
1027 108.028
1028 111.507
1029 108.385
1030 107.799
1031 110.093
1032 110.106
1033 108.436
1034 104.971
1035 108.042
1036 108.372
1037 109.378
1038 108.436
1039 107.556
1040 106.792
1041 109.621
1042 105.721
1043 107.863
1044 105.556
1045 108.042
1046 111.1
1047 108.87
1048 103.899
1049 106.971
1050 105.556
1051 110.679
1052 107.035
1053 106.385
1054 107.964
1055 104.957
1056 106.971
1057 109.863
1058 109.698
1059 105.314
1060 106.207
1061 109.915
1062 105.964
1063 103.314
1064 102.485
1065 105.799
1066 104.971
1067 106.971
1068 104.55
1069 102.893
1070 104.55
1071 103.071
1072 102.485
1073 106.614
1074 102.65
1075 101.236
1076 106.971
1077 103.071
1078 104.142
1079 104.55
1080 100.828
1081 105.964
1082 108.449
1083 103.071
1084 105.556
1085 103.314
1086 103.721
1087 103.314
1088 103.314
1089 102.485
1090 102.893
1091 101.657
1092 104.55
1093 102.485
1094 103.721
1095 103.314
1096 101.657
1097 103.071
1098 103.314
1099 104.142
1100 104.728
1101 103.721
1102 103.071
1103 103.314
1104 102.485
1105 100.828
1106 105.136
1107 104.957
1108 100.828
1109 102.485
1110 101.657
1111 105.556
1112 102.243
1113 103.071
1114 101.657
1115 103.899
1116 103.479
1117 102.485
1118 102.485
1119 102.243
1120 103.071
1121 103.721
1122 104.485
1123 103.071
1124 101.657
1125 101.657
1126 103.479
1127 102.485
1128 101.657
1129 100
1130 103.721
1131 102.485
1132 103.071
1133 101.657
1134 101.657
1135 101.657
1136 101.414
1137 100.828
1138 103.899
1139 103.314
1140 101.657
1141 102.243
1142 100.828
1143 100.828
1144 102.485
1145 103.301
1146 102.485
1147 101.657
1148 102.243
1149 101.657
1150 101.657
1151 104.142
1152 101.657
1153 103.314
1154 100.828
1155 100
1156 100
1157 100
1158 100
1159 100.828
1160 100
1161 100
1162 100.828
1163 101.657
1164 100.828
1165 100.828
1166 100
1167 100
1168 103.071
1169 101.657
1170 100.828
1171 100.828
1172 100
1173 100
1174 100
1175 100.828
1176 100
1177 100
1178 100
1179 100.828
1180 100.828
1181 100.828
1182 101.657
1183 100.828
1184 100.828
1185 101.657
1186 100.828
1187 100.828
1188 100.828
1189 100.828
1190 100
1191 100.828
1192 100.828
1193 101.657
1194 100
1195 100
1196 100
1197 100.828
1198 100
1199 100
1200 100
1201 100
1202 100
1203 100
1204 100
1205 100
1206 100
1207 100
1208 100
1209 100
1210 100
