0 394.809
1 310.972
2 281.279
3 325.966
4 314.414
5 276.788
6 318.399
7 332.039
8 308.221
9 281.981
10 292.45
11 336.719
12 306.383
13 291.564
14 295.535
15 316.626
16 277.069
17 292.512
18 305.939
19 296.346
20 308.602
21 285.53
22 266.312
23 274.018
24 243.349
25 266.599
26 311.779
27 304.636
28 285.502
29 319.117
30 293.895
31 282.078
32 302.184
33 267.472
34 263.128
35 304.492
36 306.047
37 289.93
38 268.023
39 294.447
40 251.185
41 284.627
42 233.095
43 275.057
44 268.742
45 287.069
46 287.279
47 285.823
48 274.79
49 297.452
50 275.459
51 288.668
52 297.177
53 286.795
54 282.136
55 263.541
56 268.214
57 275.814
58 288.605
59 267.76
60 275.548
61 269.796
62 280.982
63 275.082
64 274.448
65 237.578
66 278.32
67 254.816
68 261.545
69 288.285
70 284.333
71 285.6
72 277.35
73 263.104
74 275.44
75 286.403
76 260.971
77 281.414
78 284.293
79 238.051
80 260.628
81 265.371
82 248.174
83 272.735
84 301.58
85 275.455
86 276.472
87 257.074
88 244.07
89 237.51
90 275.308
91 253.275
92 254.762
93 273.825
94 267.573
95 265.597
96 271.87
97 259.411
98 267.18
99 276.983
100 260.14
101 279.932
102 254.258
103 264.932
104 251.995
105 257.84
106 249.74
107 258.078
108 248.477
109 243.515
110 233.266
111 244.519
112 256.334
113 262.991
114 271.335
115 238.985
116 264.643
117 253.405
118 282.38
119 254.851
120 282.308
121 216.765
122 270.293
123 236.745
124 274.208
125 239.366
126 247.583
127 249.625
128 251.046
129 267.048
130 236.248
131 290.177
132 223.761
133 237.815
134 229.389
135 257.61
136 274.84
137 247.868
138 217.461
139 263.758
140 267.7
141 264.428
142 248.742
143 276.232
144 249.585
145 231.646
146 255.925
147 203.883
148 265.703
149 215.471
150 258.585
151 245.254
152 241.876
153 243.526
154 251.411
155 252.668
156 225.441
157 248.34
158 238.786
159 226.75
160 252.255
161 230.489
162 245.221
163 241.397
164 271.979
165 247.511
166 261.348
167 221.825
168 225.519
169 222.293
170 268.129
171 212.03
172 223.889
173 219.713
174 241.238
175 246.37
176 213.442
177 231.611
178 234.519
179 226.802
180 224.21
181 240.091
182 222.605
183 250.436
184 212.547
185 238.653
186 217.482
187 256.993
188 246.957
189 249.241
190 249.391
191 254.382
192 242.847
193 227.334
194 225.265
195 220.333
196 237.532
197 237.783
198 209.62
199 226.176
200 265.867
201 225.603
202 239.105
203 226.223
204 212.097
205 233.835
206 244.917
207 237.121
208 236.539
209 222.722
210 229.527
211 212.391
212 207.997
213 226.344
214 232.997
215 200.037
216 222.16
217 234.85
218 239.661
219 237.878
220 225.87
221 207.011
222 212.772
223 225.451
224 242.253
225 222.691
226 233.618
227 236.497
228 218.986
229 221.879
230 213.702
231 239.174
232 208.809
233 211.049
234 194.099
235 231.241
236 205.362
237 202.161
238 231.894
239 249.466
240 217.773
241 216.106
242 236.793
243 224.025
244 215.922
245 221.763
246 215.356
247 209.826
248 248.04
249 194.404
250 208.047
251 213.621
252 191.607
253 226.303
254 209.458
255 236.337
256 203.228
257 221.536
258 210.028
259 213.215
260 209.753
261 193.597
262 201.921
263 205.421
264 189.966
265 187.811
266 205.029
267 199.205
268 214.655
269 199.733
270 198.992
271 210.541
272 224.537
273 220.186
274 184.879
275 204.088
276 183.364
277 204.902
278 208.446
279 198.784
280 209.313
281 213.728
282 205.525
283 178.03
284 201.54
285 184.854
286 192.708
287 172.516
288 186.126
289 206.876
290 202.031
291 214.511
292 229.202
293 216.519
294 207.034
295 209.366
296 222.602
297 197.119
298 177.982
299 203.879
300 204.833
301 184.095
302 186.298
303 180.962
304 212.58
305 185.948
306 201.465
307 202.013
308 188.088
309 189.204
310 198.07
311 171.574
312 201.069
313 202.097
314 185.146
315 187.704
316 177.831
317 178.53
318 201.672
319 169.018
320 191.403
321 210.87
322 187.01
323 181.167
324 189.721
325 208.738
326 169.625
327 186.081
328 183.202
329 204.767
330 179.699
331 187.802
332 209.266
333 188.145
334 181.623
335 184.229
336 178.403
337 166.242
338 201.883
339 194.098
340 160.449
341 198.605
342 198.606
343 188.01
344 185.511
345 197.164
346 169.578
347 170.276
348 167.04
349 181.513
350 168.193
351 156.83
352 167.329
353 187.638
354 178.483
355 179.661
356 166.209
357 180.195
358 175.705
359 182.18
360 192.686
361 179.257
362 177.039
363 182.109
364 190.159
365 171.766
366 180.73
367 187.134
368 163.401
369 175.777
370 194.559
371 195.019
372 186.883
373 177.499
374 142.904
375 186.344
376 190.717
377 173.499
378 173.215
379 182.025
380 201.677
381 166.983
382 172.4
383 184.106
384 182.846
385 188.085
386 175.137
387 180.543
388 178.095
389 164.297
390 177.734
391 161.403
392 167.085
393 169.075
394 186.681
395 162.834
396 172.276
397 184.364
398 145.716
399 145.872
400 155.787
401 164.683
402 169.45
403 180.121
404 165.494
405 181.242
406 169.88
407 155.024
408 159.2
409 166.034
410 162.502
411 173.725
412 176.053
413 174.834
414 143.758
415 158.339
416 145.411
417 176.666
418 168.454
419 152.272
420 157.357
421 157.612
422 156.24
423 155.275
424 150.166
425 148.075
426 183.435
427 168.492
428 174.068
429 155.793
430 158.186
431 177.171
432 160.417
433 144.989
434 161.17
435 160.663
436 139.588
437 159.703
438 153.071
439 162.916
440 179.677
441 156.462
442 140.263
443 148.352
444 139.613
445 151.229
446 160.08
447 158.669
448 154.068
449 136.255
450 155.051
451 154.382
452 144.558
453 169.05
454 167.486
455 153.628
456 153.42
457 155.79
458 145.242
459 142.497
460 155.248
461 161.266
462 158.553
463 156.965
464 151.149
465 144.522
466 145.959
467 150.331
468 154.945
469 151.235
470 163.899
471 142.868
472 149.177
473 159.725
474 158.685
475 146.921
476 142.589
477 145.449
478 159.315
479 163.819
480 138.445
481 153.743
482 147.465
483 140.901
484 130.062
485 147.09
486 148.173
487 159.658
488 151.985
489 148.163
490 157.379
491 145.266
492 161.699
493 143.73
494 133.178
495 147.68
496 144.699
497 144.404
498 147.86
499 147.662
500 117.197
501 148.075
502 137.83
503 141.24
504 135.772
505 144.516
506 137.481
507 136.954
508 137.741
509 148.884
510 144.733
511 154.616
512 146.18
513 142.5
514 141.239
515 135.795
516 147.999
517 132.753
518 149.525
519 139.051
520 144.778
521 141.693
522 141.136
523 145.433
524 135.114
525 145.072
526 130.495
527 139.544
528 140.045
529 141.763
530 141.813
531 138.917
532 141.131
533 149.307
534 139.91
535 139.114
536 127.992
537 140.704
538 130.963
539 133.114
540 138.143
541 127.072
542 139.115
543 132.562
544 141.569
545 140.49
546 137.272
547 128.363
548 133.869
549 140.337
550 122.622
551 119.923
552 133.669
553 128.656
554 129.475
555 144.696
556 129.466
557 126.648
558 124.344
559 129.136
560 130.583
561 130.227
562 133.779
563 134.716
564 123.568
565 134.711
566 138.501
567 136.571
568 129.369
569 119.649
570 126.851
571 132.954
572 132.343
573 135.779
574 128.152
575 131.188
576 121.525
577 128.195
578 122.86
579 120.266
580 122.626
581 136.636
582 128.314
583 124.27
584 132.038
585 128.092
586 131.575
587 135.345
588 129.999
589 124.196
590 130.719
591 124.864
592 120.453
593 126.633
594 147.222
595 128.595
596 126.276
597 129.892
598 116.371
599 128.216
600 123.047
601 121.328
602 106.455
603 128.137
604 132.565
605 122.981
606 130.179
607 130.673
608 111.587
609 120.023
610 112.602
611 114.235
612 114.801
613 108.1
614 130.07
615 130.662
616 122.297
617 122.591
618 130.856
619 119.164
620 129.111
621 120.025
622 119.783
623 126.551
624 114.074
625 128.485
626 131.701
627 115.471
628 119.438
629 126.575
630 120.443
631 120.642
632 115.032
633 121.914
634 112.446
635 114.467
636 122.112
637 116.255
638 119.587
639 124.431
640 120.913
641 125.584
642 116.707
643 122.742
644 116.088
645 107.691
646 121.588
647 113.856
648 111.761
649 120.93
650 117.759
651 110.354
652 110.549
653 112.475
654 114.874
655 104.531
656 116.048
657 110.905
658 122.493
659 121.72
660 124.887
661 127.942
662 114.268
663 121.416
664 111.335
665 119.976
666 120.079
667 110.809
668 108.559
669 112.966
670 117.584
671 113.951
672 109.691
673 103.701
674 115.145
675 116.28
676 117.235
677 112.035
678 103.3
679 119.559
680 109.182
681 109.092
682 114.579
683 112.371
684 110.284
685 109.123
686 111.912
687 104.611
688 109.774
689 110.073
690 116.466
691 112.311
692 110.801
693 112.364
694 119.061
695 111.409
696 108.455
697 118.495
698 108.482
699 105.54
700 110.941
701 107.28
702 113.074
703 109.93
704 115.96
705 112.216
706 111.308
707 106.462
708 119.052
709 119.57
710 102.808
711 113.239
712 113.384
713 105.817
714 108.482
715 103.384
716 97.4979
717 108.222
718 106.694
719 110.286
720 105.115
721 108.264
722 105.562
723 113.447
724 110.148
725 100.578
726 104.937
727 115.053
728 106.382
729 111.349
730 103.231
731 113.175
732 98.3263
733 109.188
734 99.8012
735 110.216
736 113.416
737 101.494
738 104.115
739 103.549
740 107.34
741 108.402
742 99.8143
743 111.449
744 103.866
745 112.502
746 111.757
747 96.5651
748 102.993
749 98.9121
750 110.353
751 108.937
752 99.8788
753 99.3935
754 96.734
755 98.3356
756 100.534
757 99.2061
758 111.01
759 102.872
760 107.961
761 99.0411
762 96.5783
763 106.475
764 106.649
765 95.0864
766 99.2285
767 98.6919
768 112.511
769 104.937
770 107.714
771 102.026
772 102.569
773 97.7367
774 109.849
775 112.97
776 102.044
777 101.801
778 97.3974
779 106.108
780 109.624
781 103.219
782 109.969
783 103.064
784 110.052
785 100.045
786 107.219
787 98.0438
788 102.442
789 106.352
790 97.329
791 107.5
792 100.286
793 96.899
794 93.5072
795 94.3356
796 103.18
797 100.899
798 92.4493
799 97.5492
800 109.587
801 96.8723
802 102.19
803 97.2553
804 99.5624
805 97.5624
806 102.872
807 100.222
808 102.333
809 102.937
810 98.4515
811 95.3198
812 100.647
813 98.9121
814 90.6143
815 107.54
816 99.7498
817 102.993
818 100.451
819 95.0903
820 101.649
821 104.478
822 100.609
823 96.9214
824 97.676
825 96.0438
826 100.465
827 95.2777
828 98.3263
829 93.8542
830 92.6788
831 92.8701
832 102.387
833 97.3329
834 98.1482
835 93.7498
836 101.627
837 93.9017
838 92.3848
839 102.451
840 96.5651
841 98.9728
842 97.9148
843 98.8569
844 100.707
845 93.6853
846 101.115
847 99.97
848 99.0969
849 96.7564
850 97.0996
851 95.928
852 93.5203
853 98.2865
854 90.8122
855 96.2618
856 105.518
857 99.5225
858 89.0351
859 101.317
860 90.5006
861 100.4
862 92.6274
863 92.7433
864 89.6208
865 97.7498
866 96.387
867 97.5717
868 90.8569
869 95.3422
870 92.093
871 90.7924
872 95.8143
873 91.7498
874 93.494
875 92.0416
876 91.8188
877 92.1973
878 91.0996
879 93.9148
880 98.1904
881 90.2711
882 99.7498
883 90.3716
884 89.4427
885 92.5006
886 90.7924
887 92.6919
888 94.6919
889 95.9148
890 93.0996
891 88.8569
892 97.1509
893 88.8569
894 95.164
895 91.3689
896 92.0416
897 90.2066
898 95.7498
899 93.9148
900 91.8635
901 90.4361
902 94.8476
903 88.5498
904 95.9148
905 90.0285
906 97.676
907 93.8635
908 90.8569
909 85.964
910 93.7121
911 92.1328
912 91.8503
913 100.209
914 87.7858
915 92.0416
916 93.2646
917 89.8503
918 91.0996
919 91.0351
920 89.4427
921 87.2001
922 91.0351
923 93.8635
924 88.0285
925 92.7924
926 88.2066
927 87.6208
928 90.2066
929 88.7924
930 88.3848
931 89.8635
932 92.2843
933 90.4493
934 90.2066
935 86.7924
936 90.6143
937 92.6788
938 89.2001
939 92.7924
940 88.3716
941 90.6919
942 90.6143
943 88.3848
944 87.7858
945 89.0351
946 89.799
947 89.0351
948 90.2066
949 88.9481
950 88.6143
951 84.4853
952 92.093
953 87.5563
954 85.5563
955 86.1421
956 85.5563
957 87.6077
958 86.7279
959 90.8569
960 85.964
961 87.964
962 88.5498
963 85.3137
964 94.3356
965 85.3137
966 88.9613
967 88.6274
968 87.6208
969 90.1421
970 88.7924
971 88.3716
972 90.8569
973 89.964
974 84.4853
975 86.1421
976 87.6208
977 90.8569
978 88.2066
979 86.1421
980 85.8995
981 87.7858
982 86.7924
983 94.093
984 84.3071
985 89.799
986 86.9574
987 83.0711
988 88.1421
989 86.1421
990 90.6143
991 83.8995
992 86.1421
993 85.8995
994 84.4853
995 84.4853
996 84.7279
997 85.3137
998 84.7279
999 88.9706
1000 86.7279
1001 85.7213
1002 89.8635
1003 85.3137
1004 85.1356
1005 86.3716
1006 85.3137
1007 87.7858
1008 85.1356
1009 86.3716
1010 87.6208
1011 86.5498
1012 84.4853
1013 88.7924
1014 87.5563
1015 83.8995
1016 88.476
1017 86.9706
1018 85.1356
1019 86.9706
1020 86.9706
1021 90.4361
1022 84.4853
1023 85.1356
1024 84.4853
1025 88.6143
1026 86.3071
1027 85.8995
1028 84.7279
1029 88.1421
1030 84.4853
1031 87.2132
1032 88.2066
1033 83.4787
1034 87.3137
1035 83.0711
1036 85.1356
1037 83.6569
1038 87.964
1039 84.7279
1040 85.7213
1041 86.9706
1042 86.7279
1043 84.7279
1044 86.7924
1045 83.8995
1046 84.4853
1047 84.4853
1048 84.3071
1049 84.3071
1050 87.3137
1051 83.0711
1052 83.6569
1053 86.3848
1054 83.8995
1055 86.1421
1056 83.8995
1057 83.0711
1058 84.8929
1059 84.7279
1060 86.1421
1061 84.4853
1062 86.7279
1063 83.0711
1064 85.3137
1065 84.3071
1066 83.6569
1067 85.3137
1068 83.8995
1069 82.2426
1070 83.0711
1071 83.8995
1072 84.4853
1073 83.0711
1074 84.8929
1075 83.8995
1076 83.6569
1077 84.7279
1078 83.0711
1079 83.8995
1080 83.0711
1081 82.2426
1082 83.4787
1083 82.2426
1084 82.6503
1085 82.2426
1086 83.0711
1087 83.8995
1088 83.8995
1089 83.8863
1090 84.7279
1091 84.7148
1092 82.8284
1093 82.6503
1094 83.4787
1095 83.0711
1096 83.0711
1097 83.0711
1098 83.4787
1099 83.8995
1100 83.8995
1101 83.0711
1102 84.4853
1103 81.4142
1104 81.4142
1105 82
1106 82.2426
1107 81.4142
1108 82.2426
1109 83.4787
1110 81.4142
1111 82.2426
1112 83.8995
1113 82.2426
1114 83.6569
1115 82.2426
1116 84.3071
1117 83.0711
1118 81.4142
1119 83.0711
1120 81.4142
1121 81.4142
1122 81.4142
1123 81.4142
1124 81.4142
1125 82
1126 82.2426
1127 82.2426
1128 81.4142
1129 81.4142
1130 81.4142
1131 81.4142
1132 81.4142
1133 82.2426
1134 82.2426
1135 82.2426
1136 83.0711
1137 82.2426
1138 81.4142
1139 82.2426
1140 82.2426
1141 82.2426
1142 83.8995
1143 82.2426
1144 82.8284
1145 82.2426
1146 82.2426
1147 83.0711
1148 82.2426
1149 82.2426
1150 81.4142
1151 81.4142
1152 81.4142
1153 81.4142
1154 81.4142
1155 81.4142
1156 81.4142
1157 82.2426
1158 82.2426
1159 81.4142
1160 82.2426
1161 82.2426
1162 81.4142
1163 81.4142
1164 81.4142
1165 81.4142
1166 81.4142
1167 81.4142
1168 81.4142
1169 81.4142
1170 81.4142
1171 81.4142
1172 81.4142
1173 81.4142
1174 82.2426
1175 81.4142
1176 81.4142
1177 81.4142
1178 81.4142
1179 81.4142
1180 81.4142
1181 81.4142
1182 81.4142
1183 81.4142
