0 256.583
1 195.99
2 211.576
3 214.628
4 224.377
5 251.319
6 213.917
7 218.831
8 202.363
9 183.033
10 200.005
11 191.612
12 193.925
13 202.437
14 176.179
15 211.241
16 197.243
17 209.52
18 221.174
19 210.696
20 203.356
21 212.701
22 216.146
23 199.777
24 200.814
25 204.146
26 209.931
27 187.947
28 206.932
29 201.316
30 195.476
31 208.025
32 187.411
33 227.583
34 211.7
35 182.604
36 207.337
37 222.221
38 199.419
39 195.587
40 218.06
41 187.691
42 207.311
43 194.728
44 199.86
45 187.969
46 227.254
47 196.463
48 222.02
49 197.67
50 208.845
51 219.146
52 182.878
53 196.54
54 184.015
55 194.159
56 176.137
57 215.928
58 209.825
59 191.395
60 198.483
61 193.13
62 215.06
63 207.445
64 204.964
65 180.602
66 200.379
67 201.452
68 207.271
69 192.701
70 188.785
71 207.164
72 178.45
73 193.307
74 167.012
75 169.009
76 194.327
77 213.144
78 178.239
79 181.906
80 190.125
81 184.7
82 198.394
83 199.417
84 211.362
85 186.662
86 211.656
87 186.22
88 194.359
89 184.615
90 174.066
91 198.38
92 207.33
93 204.514
94 191.767
95 206.686
96 204.449
97 180.773
98 197.321
99 197.63
100 197.637
101 161.17
102 158.191
103 197.16
104 180.184
105 178.494
106 160.921
107 181.489
108 181.334
109 169.39
110 209.713
111 184.45
112 196.841
113 183.533
114 194.804
115 181.265
116 182.529
117 186.361
118 163.84
119 173.748
120 164.394
121 187.488
122 169.705
123 170.177
124 184.452
125 197.725
126 193.315
127 181.036
128 188.812
129 185.972
130 212.36
131 169.085
132 174.325
133 172.422
134 185.623
135 205.358
136 169.78
137 161.278
138 168.254
139 173.108
140 191.306
141 176.886
142 171.04
143 171.271
144 155.639
145 219.058
146 174.263
147 160.569
148 174.647
149 169.261
150 158.294
151 165.483
152 179.869
153 189.484
154 170.376
155 196.747
156 194.758
157 171.038
158 174.511
159 160.899
160 206.515
161 169.053
162 177.565
163 208.274
164 171.142
165 156.081
166 177.806
167 173.869
168 169.747
169 176.819
170 171.044
171 173.188
172 159.158
173 183.24
174 177.573
175 165.384
176 166.525
177 185.85
178 145.532
179 171.678
180 141.717
181 168.61
182 181.806
183 186.476
184 186.196
185 146.555
186 168.049
187 154.67
188 157.348
189 145.464
190 163.427
191 145.608
192 166.518
193 172.737
194 176.246
195 179.929
196 169.294
197 175.228
198 158.251
199 159.294
200 164.995
201 160.88
202 133.608
203 157.025
204 160.036
205 169.576
206 179.14
207 142.724
208 164.691
209 156.891
210 174.322
211 179.401
212 151.533
213 168.712
214 166.122
215 163.061
216 169.694
217 186.467
218 152.671
219 164.349
220 135.839
221 166.099
222 148.349
223 178.042
224 152.016
225 147.402
226 141.595
227 158.482
228 150.359
229 167.402
230 129.713
231 156.089
232 152.203
233 169.17
234 167.517
235 152.363
236 160.985
237 142.755
238 155.4
239 150.584
240 146.13
241 161.167
242 170.127
243 138.298
244 152.934
245 139.113
246 154.046
247 143.583
248 164.964
249 148.55
250 162.359
251 159.304
252 156.421
253 142.568
254 144.175
255 156.991
256 161.093
257 136.395
258 167.022
259 142.934
260 127.755
261 154.32
262 152.142
263 140.032
264 139.617
265 137.101
266 145.254
267 133.215
268 145.918
269 148.402
270 141.263
271 142.151
272 150.783
273 139.976
274 133.361
275 136.36
276 153.988
277 152.121
278 160.331
279 155.884
280 153.686
281 136.193
282 144.255
283 127.376
284 142.109
285 141.138
286 142.708
287 146.637
288 171.32
289 144.129
290 155.307
291 142.747
292 129.671
293 129.918
294 129.61
295 156.617
296 139.419
297 127.759
298 127.408
299 148.214
300 132.22
301 135.784
302 131.838
303 135.364
304 124.113
305 160.368
306 154.272
307 156.942
308 133.535
309 124.082
310 123.756
311 137.245
312 152.994
313 128.79
314 151.67
315 130.452
316 146.84
317 129.448
318 127.933
319 134.273
320 124.55
321 147.358
322 132.195
323 144.247
324 128.872
325 132.371
326 137.561
327 141.307
328 126.944
329 147.476
330 119.148
331 138.582
332 129.877
333 117.806
334 133.796
335 131.922
336 149.409
337 127.407
338 140.504
339 121.196
340 124.881
341 132.582
342 131.913
343 123.551
344 134.725
345 118.174
346 121.009
347 136.01
348 118.892
349 130.364
350 131.614
351 108.418
352 126.067
353 132.109
354 122.676
355 133.236
356 109.785
357 146.58
358 139.7
359 139.456
360 122.984
361 154.548
362 158.239
363 132.897
364 121.014
365 130.471
366 150.641
367 126.538
368 134.673
369 122.924
370 123.055
371 129.815
372 126.233
373 136.117
374 129.458
375 133.352
376 112.064
377 125.646
378 142.941
379 131.394
380 120.921
381 123.823
382 140.959
383 127.237
384 124.203
385 142.563
386 133.406
387 112.611
388 131.384
389 117.034
390 108.149
391 110.452
392 118.627
393 115.939
394 125.265
395 119.273
396 119.727
397 120.632
398 123.789
399 103.667
400 130.154
401 120.9
402 112.123
403 130.549
404 123.538
405 116.304
406 103.916
407 110.134
408 113.137
409 116.33
410 114.971
411 121.256
412 130.996
413 121.977
414 114.973
415 116.937
416 105.769
417 123.624
418 115.517
419 117.476
420 104.307
421 110.778
422 114.949
423 106.25
424 112.486
425 115.679
426 107.979
427 108.99
428 121.911
429 125.185
430 124.417
431 102.375
432 115.441
433 113.524
434 108.317
435 110.498
436 117.156
437 113.513
438 106.863
439 116.026
440 110.347
441 112.92
442 118.727
443 113.002
444 97.6364
445 111.802
446 117.358
447 118.945
448 114.87
449 106.548
450 96.1635
451 108.308
452 115.136
453 108.086
454 103.629
455 115.533
456 110.271
457 111.729
458 98.958
459 98.4172
460 119.312
461 105.14
462 105.288
463 112.344
464 110.21
465 113.726
466 102.936
467 114.857
468 107.802
469 98.6113
470 110.67
471 109.727
472 101.475
473 113.18
474 117.42
475 101.919
476 109.284
477 104.336
478 105.705
479 100.228
480 97.9935
481 113.876
482 101.03
483 102.141
484 112.031
485 120.088
486 107.731
487 101.611
488 110.218
489 110.82
490 95.0057
491 104.561
492 95.0384
493 99.0427
494 101.756
495 98.5352
496 107.577
497 114.491
498 101.226
499 100.032
500 107.923
501 109.64
502 100.266
503 106.559
504 105.398
505 101.845
506 108.803
507 100.992
508 105.694
509 108.251
510 92.5291
511 95.5712
512 102.444
513 97.3424
514 96.0851
515 105.975
516 89.0504
517 97.2283
518 99.1345
519 97.54
520 100.035
521 110.31
522 95.4132
523 122.592
524 98.9663
525 98.309
526 110.203
527 102.178
528 92.6335
529 100.41
530 97.49
531 107.516
532 102.124
533 97.045
534 98.1083
535 99.7391
536 101.699
537 99.6811
538 88.681
539 90.3684
540 99.8414
541 86.2602
542 100.527
543 89.8962
544 98.6456
545 93.533
546 94.0859
547 109.952
548 100.658
549 102.065
550 114.794
551 98.5337
552 100.695
553 102.426
554 101.643
555 95.1438
556 86.4001
557 101.048
558 99.8724
559 90.4161
560 104.909
561 98.669
562 97.3909
563 88.9412
564 92.3062
565 93.9793
566 90.4935
567 94.2286
568 98.9947
569 93.4516
570 88.681
571 92.6269
572 88.569
573 99.6837
574 100.158
575 92.7853
576 88.4106
577 88.317
578 94.9493
579 90.2324
580 94.078
581 93.1006
582 96.4935
583 96.1941
584 98.2115
585 85.7142
586 92.8591
587 86.8765
588 87.3625
589 92.2554
590 88.7985
591 90.2301
592 94.1595
593 97.8471
594 94.0834
595 84.2618
596 93.1779
597 98.8372
598 92.557
599 89.4241
600 89.4487
601 93.7088
602 92.2733
603 86.5558
604 99.9282
605 91.2837
606 83.6875
607 91.6467
608 92.786
609 88.0952
610 79.44
611 89.805
612 95.1905
613 101.775
614 85.8291
615 92.4712
616 90.4001
617 97.2259
618 81.0969
619 90.4553
620 80.5006
621 94.1627
622 85.6882
623 96.1281
624 89.4886
625 90.4422
626 80.7471
627 82.6985
628 90.7115
629 92.3236
630 83.9998
631 83.5492
632 88.8066
633 98.1056
634 96.3034
635 82.1104
636 78.6656
637 89.2196
638 91.8854
639 78.1575
640 87.1455
641 83.5783
642 85.5717
643 86.5204
644 87.4712
645 81.3066
646 78.1706
647 90.6717
648 85.0373
649 77.329
650 91.1652
651 79.1509
652 85.293
653 85.3495
654 78.2777
655 87.2575
656 85.5624
657 84.8275
658 82.6695
659 81.0996
660 84.8897
661 81.8012
662 86.0952
663 83.6006
664 78.1443
665 85.4307
666 87.7389
667 82.9083
668 85.329
669 85.8861
670 77.2777
671 82.1575
672 87.5915
673 82.5006
674 88.2865
675 91.6297
676 81.511
677 85.6543
678 88.5624
679 88.2487
680 91.4132
681 82.4913
682 89.0969
683 85.7405
684 88.5166
685 79.9148
686 82.7499
687 86.7115
688 80.0482
689 86.3645
690 87.2154
691 84.9367
692 81.569
693 82.899
694 77.7367
695 91.057
696 80.763
697 77.7367
698 84.093
699 84.1443
700 84.5651
701 77.4427
702 82.7433
703 85.8542
704 78.6919
705 80.4466
706 76.2711
707 83.5492
708 81.4587
709 82.5166
710 77.9925
711 87.9569
712 84.9028
713 84.057
714 84.1995
715 77.164
716 79.1509
717 78.353
718 81.5072
719 84.3437
720 83.9793
721 84.5558
722 73.6208
723 74.6143
724 86.3422
725 76.1061
726 75.6208
727 80.6296
728 83.8432
729 77.692
730 83.7051
731 77.964
732 84.0214
733 82.5651
734 82.8723
735 80.4001
736 78.469
737 79.0864
738 85.8608
739 85.8701
740 88.5335
741 84.9121
742 75.8503
743 81.4979
744 78.9346
745 86.9766
746 78.4493
747 75.0351
748 81.164
749 79.4067
750 81.5624
751 81.2483
752 78.0192
753 79.2646
754 80.3356
755 83.329
756 75.6208
757 79.8423
758 77.8503
759 77.6406
760 74.0798
761 80.9083
762 77.5563
763 82.8723
764 83.8012
765 75.6275
766 74.3848
767 76.3488
768 73.3689
769 78.3356
770 71.0219
771 72.5498
772 75.2646
773 73.928
774 79.2777
775 75.928
776 83.2285
777 73.8635
778 80.3356
779 79.8635
780 74.2978
781 79.4427
782 78.2618
783 69.964
784 75.3689
785 77.0525
786 76.3356
787 72.9706
788 78.5006
789 70.7924
790 74.2711
791 76.9214
792 73.0351
793 73.6077
794 74.6143
795 74.3716
796 76.3623
797 80.6919
798 75.6853
799 72.2066
800 80.3569
801 75.5072
802 70.7924
803 71.799
804 73.4427
805 74.4361
806 76.3848
807 75.3422
808 77.964
809 71.6208
810 76.2777
811 70.6143
812 75.8503
813 73.4427
814 77.4334
815 74.1973
816 71.2001
817 76.9214
818 75.117
819 71.5563
820 78.3225
821 79.6115
822 77.0351
823 75.0996
824 73.7765
825 73.398
826 73.2132
827 75.6853
828 80.5651
829 72.7279
830 71.3782
831 72.2711
832 71.5563
833 69.5432
834 74.4493
835 77.5072
836 75.9148
837 69.3782
838 71.2001
839 73.0219
840 69.1356
841 71.2001
842 72.8569
843 75.3848
844 75.0871
845 74.7477
846 77.7367
847 69.8995
848 73.8635
849 74.6011
850 73.7858
851 72.8569
852 74.0285
853 70.7924
854 71.964
855 75.5079
856 67.3137
857 71.3782
858 67.7213
859 76.093
860 74.0285
861 69.3137
862 69.6476
863 75.0996
864 71.964
865 70.3848
866 69.964
867 71.4427
868 72.2711
869 70.1935
870 72.8569
871 74.3623
872 75.6208
873 70.1421
874 73.2001
875 71.2001
876 69.5563
877 67.3137
878 67.8995
879 68.7279
880 73.1356
881 73.8503
882 74.8569
883 71.2001
884 71.2001
885 74.0285
886 69.799
887 71.1356
888 69.1356
889 71.0351
890 75.3689
891 69.1356
892 68.4853
893 67.0711
894 73.8503
895 69.964
896 71.4296
897 76.1973
898 67.8995
899 69.3782
900 67.7213
901 69.3782
902 69.5563
903 67.7213
904 69.964
905 69.8995
906 69.6476
907 68.7279
908 70.5498
909 71.1356
910 70.476
911 71.7858
912 67.7213
913 67.8995
914 70.7793
915 70.2066
916 67.3137
917 67.8995
918 70.5498
919 66.8929
920 69.8995
921 70.1421
922 69.3782
923 72.4493
924 67.3137
925 67.6569
926 67.8995
927 68.1421
928 69.7858
929 70.1421
930 67.4787
931 67.8995
932 66.4853
933 68.1421
934 68.4853
935 69.3137
936 67.8995
937 71.3782
938 68.9574
939 70.3071
940 65.6569
941 69.3782
942 68.7279
943 69.964
944 68.7279
945 73.2001
946 67.7213
947 68.1421
948 67.4787
949 67.4787
950 67.7213
951 72.4361
952 67.8995
953 67.0711
954 68.7279
955 67.0711
956 65.6569
957 68.1421
958 67.8995
959 72.0285
960 67.0711
961 65.6569
962 66.4853
963 67.3137
964 68.3071
965 67.7213
966 65.6569
967 69.5563
968 68.1421
969 66.0645
970 69.3782
971 67.3137
972 66.4853
973 65.6569
974 67.3137
975 68.641
976 71.3782
977 66.0645
978 67.8995
979 68.1421
980 66.0645
981 67.3137
982 65.6569
983 67.4787
984 68.7279
985 65.6569
986 64.8284
987 66.2426
988 65.6569
989 64.8284
990 68.1421
991 68.7279
992 68.3071
993 68.3071
994 68.9706
995 69.0618
996 65.6569
997 67.3137
998 68.5366
999 66.4853
1000 67.3137
1001 67.3137
1002 66.8284
1003 65.6569
1004 68.5498
1005 67.3137
1006 69.5563
1007 67.3137
1008 67.0711
1009 66.0645
1010 67.3137
1011 66.4853
1012 66.4853
1013 67.0711
1014 64.8284
1015 64.8284
1016 64.8284
1017 65.4142
1018 67.0711
1019 65.6569
1020 66.4853
1021 64.8284
1022 64.8284
1023 65.6569
1024 64
1025 67.0711
1026 67.3137
1027 64
1028 64.8284
1029 64
1030 64.8284
1031 65.6569
1032 65.6569
1033 64.8284
1034 64.8284
1035 66.4853
1036 65.2361
1037 64.8284
1038 64.8284
1039 66.2426
1040 65.6569
1041 66.4853
1042 65.4142
1043 66.2426
1044 64
1045 64
1046 64
1047 64.8284
1048 66.4853
1049 64
1050 65.6569
1051 64
1052 65.6569
1053 64.8284
1054 64.8284
1055 65.6569
1056 64
1057 64
1058 64.8284
1059 65.6569
1060 64
1061 65.2361
1062 66.0645
1063 65.6569
1064 66.4853
1065 66.2426
1066 65.6569
1067 64.8284
1068 64.8284
1069 64.8284
1070 65.6569
1071 64.8284
1072 66.4853
1073 64.8284
1074 64.8284
1075 65.6569
1076 64.8284
1077 64.8284
1078 64.8284
1079 64.8284
1080 65.6569
1081 65.6569
1082 64.8284
1083 64.8284
1084 64.8284
1085 65.6569
1086 65.4142
1087 64.8284
1088 64.8284
1089 64.8284
1090 64.8284
1091 64.8284
1092 64.8284
1093 64.8284
1094 64.8284
1095 64.8284
1096 64.8284
1097 64.8284
1098 64.8284
1099 64.8284
1100 64.8284
1101 64.8284
1102 66.2426
1103 64.8284
1104 64.8284
1105 64.8284
1106 64.8284
1107 64.8284
1108 64.8284
1109 64.8284
1110 64.8284
1111 64.8284
1112 64.8284
1113 64.8284
1114 64.8284
1115 64.8284
1116 64.8284
1117 65.6569
1118 64.8284
1119 64.8284
1120 64.8284
1121 64.8284
1122 64.8284
1123 64.8284
1124 64.8284
1125 64.8284
1126 64.8284
1127 64.8284
1128 64.8284
1129 64.8284
1130 64.8284
1131 64.8284
1132 64.8284
1133 64.8284
1134 64.8284
