0 61.6335
1 58.8268
2 48.5434
3 50.9551
4 52.2068
5 55.8994
6 51.3269
7 54.8627
8 53.2308
9 52.8225
10 46.3727
11 56.5717
12 48.7252
13 50.9734
14 55.9773
15 49.5972
16 56.1844
17 49.4183
18 52.714
19 45.4176
20 67.2543
21 53.3926
22 50.9902
23 58.9515
24 49.9549
25 55.6855
26 62.8932
27 58.4949
28 56.1695
29 62.5736
30 52.4689
31 45.2197
32 46.7607
33 48.4335
34 42.9562
35 59.5081
36 55.217
37 53.7396
38 55.2187
39 51.093
40 52.8664
41 51.0668
42 50.2914
43 54.496
44 54.4466
45 54.5624
46 51.1367
47 45.7634
48 47.4307
49 60.2367
50 45.7216
51 49.128
52 50.6224
53 54.4778
54 56.3794
55 48.9424
56 53.7063
57 53.3885
58 52.874
59 42.8345
60 53.4287
61 44.7607
62 44.552
63 46.0903
64 57.6408
65 57.5539
66 52.303
67 45.2646
68 53.3468
69 56.5321
70 44.634
71 52.732
72 51.4238
73 54.204
74 49.0324
75 47.9948
76 51.3821
77 53.8066
78 47.0681
79 44.881
80 46.1785
81 49.4772
82 51.523
83 46.6543
84 54.5341
85 46.3745
86 65.4046
87 51.5368
88 44.4913
89 47.5022
90 52.8131
91 50.0363
92 38.8438
93 43.8372
94 49.1788
95 52.619
96 47.9998
97 43.5339
98 52.2907
99 49.7347
100 51.4996
101 51.791
102 52.755
103 46.1592
104 47.1936
105 43.9811
106 54.1815
107 46.8635
108 51.4481
109 48.1357
110 52.8772
111 44.5013
112 48.5471
113 49.3293
114 44.8858
115 52.0343
116 52.5849
117 51.1265
118 44.2262
119 52.1126
120 56.5538
121 52.5957
122 57.2182
123 49.4176
124 55.5446
125 50.6178
126 44.8151
127 44.1226
128 44.7815
129 46.4335
130 47.3909
131 39.8484
132 42.7077
133 50.9495
134 51.1683
135 45.7149
136 46.1077
137 46.3495
138 37.7213
139 43.5246
140 48.716
141 47.9642
142 44.5204
143 45.2502
144 39.311
145 46.6827
146 47.0126
147 57.3858
148 46.353
149 45.9098
150 48.1749
151 44.6023
152 46.7815
153 50.8531
154 47.6182
155 44.0865
156 41.4203
157 50.8287
158 41.2428
159 43.8678
160 53.1131
161 50.2121
162 45.6803
163 47.1788
164 40.8858
165 49.9718
166 45.4334
167 41.6722
168 35.5339
169 50.0679
170 33.6476
171 41.3166
172 44.2754
173 49.9296
174 40.4875
175 50.5341
176 43.5711
177 41.1869
178 52.928
179 52.3487
180 43.4848
181 38.3716
182 42.7215
183 45.3066
184 44.1201
185 45.1553
186 49.8811
187 47.1035
188 48.0741
189 40.6761
190 42.6143
191 47.8252
192 47.6966
193 38.3914
194 44.3335
195 44.6656
196 39.9547
197 47.5052
198 42.8612
199 43.841
200 45.0591
201 45.7149
202 45.3139
203 50.3271
204 43.7858
205 47.3364
206 45.7242
207 49.6356
208 41.8029
209 49.2171
210 44.8095
211 44.4689
212 46.2859
213 44.5087
214 50.0643
215 36.0947
216 45.5368
217 34.7793
218 38.8504
219 37.4296
220 43.7235
221 44.1617
222 37.8372
223 39.8931
224 34.641
225 51.7067
226 45.3017
227 47.1112
228 43.2619
229 47.5697
230 36.2133
231 39.6702
232 48.9542
233 47.27
234 48.0996
235 39.9415
236 47.3662
237 35.0908
238 42.5918
239 38.0351
240 36.7793
241 41.2712
242 37.1776
243 39.2913
244 36.0459
245 47.9166
246 44.9772
247 42.2016
248 42.1197
249 41.5853
250 43.7634
251 48.5825
252 44.4427
253 38.77
254 35.8708
255 40.5006
256 37.9323
257 49.6695
258 43.1943
259 46.1617
260 57.1261
261 41.576
262 43.6013
263 45.8317
264 40.8473
265 40.5273
266 41.09
267 40.8997
268 39.4723
269 38.657
270 37.4601
271 42.4535
272 35.2001
273 42.2885
274 36.6209
275 37.9508
276 47.9204
277 35.9508
278 37.2001
279 44.8642
280 37.5339
281 39.9017
282 39.7832
283 39.1378
284 40.4144
285 40.0805
286 39.5984
287 39.1038
288 43.1038
289 40.8345
290 43.7839
291 42.2467
292 35.1908
293 38.006
294 42.2914
295 39.7121
296 39.3159
297 42.0153
298 36.0153
299 42.1685
300 45.7001
301 44.6116
302 37.563
303 39.7213
304 32.1935
305 39.8372
306 42.9481
307 41.658
308 39.03
309 38.77
310 38.1488
311 38.0798
312 39.563
313 39.9323
314 34.1935
315 34.9127
316 38.935
317 35.6989
318 36.0459
319 39.5246
320 36.5366
321 40.7946
322 31.4694
323 37.1038
324 39.4947
325 30.7148
326 33.9838
327 43.7367
328 35.3782
329 36.258
330 41.1776
331 35.4296
332 40.3914
333 34.129
334 38.6209
335 37.8372
336 34.1935
337 37.2514
338 32.7924
339 38.4882
340 32.641
341 40.9603
342 34.258
343 35.0525
344 40.6011
345 45.2161
346 41.8279
347 37.6077
348 35.659
349 40.4044
350 32.1935
351 37.1776
352 35.0219
353 38.0153
354 37.0219
355 26.6503
356 35.823
357 37.6673
358 37.4493
359 36.9574
360 35.9508
361 37.5592
362 34.3716
363 29.6569
364 37.1224
365 31.4787
366 42.2685
367 36.5925
368 31.964
369 39.8968
370 33.3558
371 34.0153
372 34.2624
373 40.8951
374 37.3558
375 37.1038
376 35.7213
377 31.7858
378 31.7213
379 37.8279
380 39.0126
381 37.6275
382 35.4296
383 40.2646
384 36.8191
385 39.074
386 39.8372
387 35.7634
388 32.1935
389 33.7213
390 34.476
391 38.3716
392 35.9508
393 40.8836
394 32.7148
395 33.8771
396 37.8503
397 30.4628
398 31.1356
399 32.7793
400 32.7279
401 32.3071
402 36.9574
403 32.3071
404 40.8635
405 33.3956
406 38.6209
407 37.9024
408 31.0486
409 38.0805
410 35.3044
411 35.563
412 34.2978
413 38.7924
414 42.8836
415 35.1869
416 27.8995
417 38.3399
418 33.1356
419 37.2067
420 32.6143
421 33.4787
422 35.6077
423 32.4853
424 32.1935
425 33.7213
426 36.8836
427 31.3137
428 32.3716
429 34.5498
430 28.6503
431 33.5432
432 42.1617
433 33.7727
434 31.0711
435 36.9603
436 37.2913
437 35.9415
438 29.9508
439 34.3071
440 37.4985
441 37.4601
442 35.5339
443 31.7213
444 32.5498
445 34.7793
446 38.2587
447 33.5432
448 31.1869
449 30.3071
450 31.5432
451 33.7858
452 29.4787
453 33.7121
454 31.9508
455 32.641
456 31.6569
457 32.1935
458 34.075
459 33.0618
460 36.1197
461 31.6569
462 30.8929
463 34.1935
464 30.5498
465 28.8929
466 28.4853
467 33.8995
468 34.129
469 33.2913
470 35.0219
471 30.8929
472 30.5366
473 32.3071
474 30.4853
475 30.3071
476 29.3137
477 34.7793
478 34.5498
479 32.7148
480 31.9508
481 30.8929
482 33.1356
483 32.3071
484 34.0153
485 30.129
486 35.5563
487 36.0798
488 33.3006
489 29.1356
490 28.3071
491 28.8929
492 27.0711
493 31.9508
494 30.9574
495 32.476
496 29.0711
497 33.0711
498 31.2268
499 30.129
500 26.8284
501 34.7793
502 33.8372
503 32.1197
504 32.8836
505 32.5498
506 30.2426
507 29.6569
508 29.5432
509 34.9127
510 27.8995
511 31.3006
512 32.67
513 30.3071
514 33.5432
515 29.5432
516 32.5498
517 28.7148
518 29.4787
519 33.1131
520 30.3071
521 31.3137
522 29.4049
523 33.1356
524 27.4787
525 30.3071
526 32.1935
527 31.0711
528 28.7279
529 33.5432
530 30.8929
531 31.3137
532 28.4853
533 29.3137
534 27.4787
535 30.7148
536 29.7213
537 30.3071
538 33.4049
539 30.5366
540 35.0219
541 30.8929
542 27.0711
543 31.1356
544 32.641
545 30.3716
546 31.7213
547 37.8286
548 32.5498
549 30.5498
550 28.8929
551 27.4787
552 33.3782
553 34.129
554 28.8929
555 30.8929
556 29.0711
557 28.2426
558 31.1356
559 27.4787
560 29.5432
561 27.8995
562 28.3071
563 27.0711
564 27.0711
565 27.0711
566 29.0711
567 29.5563
568 28.3071
569 34.7924
570 28.0645
571 29.1356
572 31.3651
573 30.0645
574 33.6084
575 28.7148
576 28.8929
577 32.3716
578 27.6569
579 26.8284
580 33.3137
581 26.2426
582 28.8929
583 27.0711
584 31.1356
585 30.129
586 31.1869
587 29.8995
588 31.8771
589 29.0711
590 30.5366
591 28.8929
592 28.0645
593 28.3071
594 27.0711
595 28.8284
596 34.3716
597 30.8836
598 30.2426
599 28.4853
600 26.8284
601 26.8284
602 30.8929
603 29.7213
604 27.0711
605 27.0711
606 29.1224
607 25.4142
608 30.129
609 28.2426
610 31.0711
611 29.4787
612 29.0711
613 27.0711
614 29.8995
615 27.0711
616 31.2913
617 26.8284
618 27.8995
619 27.6569
620 28.8929
621 30.3071
622 31.9508
623 28.8929
624 27.6569
625 28.6056
626 27.6569
627 28.8929
628 30.0645
629 28.8929
630 29.7213
631 29.6569
632 27.4787
633 28.2426
634 30.3716
635 30.3071
636 26.6503
637 28.0645
638 30.7279
639 25.4142
640 29.9508
641 28.7148
642 27.0711
643 30.7148
644 28.8929
645 28.7148
646 30.129
647 26
648 28.0645
649 28.3071
650 28.2426
651 27.6569
652 30.129
653 28.2426
654 28.2426
655 26.8284
656 30.129
657 26.2426
658 27.2361
659 27.4787
660 28.8929
661 29.8995
662 27.6569
663 30.7148
664 26.6503
665 28.0645
666 26.6503
667 27.4787
668 27.2361
669 28.4853
670 27.8995
671 26.6503
672 29.3006
673 26.8284
674 28.8929
675 29.4787
676 28.2426
677 28.0645
678 25.4142
679 27.0711
680 28.0645
681 26.6503
682 26.8284
683 27.4787
684 26.2426
685 26.8284
686 29.9508
687 25.4142
688 26.8284
689 27.0711
690 25.4142
691 26.2426
692 27.6569
693 27.6569
694 25.4142
695 26.2426
696 28.3983
697 26.8284
698 27.6569
699 27.2361
700 25.4142
701 25.4142
702 26.2426
703 26.6503
704 26.2426
705 28.0645
706 26.8284
707 27.2361
708 27.6569
709 26.6503
710 27.0711
711 26.6503
712 26.6503
713 26
714 25.4142
715 26.2426
716 26.2426
717 26.2426
718 26.2426
719 26.2426
720 26.2426
721 26.2426
722 28.3071
723 27.0711
724 26.8284
725 26.6503
726 26.2426
727 26.2426
728 27.6569
729 27.4787
730 28.3071
731 26.2426
732 26.8284
733 26.2426
734 25.4142
735 26.8284
736 25.4142
737 26.6503
738 27.0711
739 27.4787
740 27.6569
741 25.4142
742 26.2426
743 26.2426
744 27.4787
745 28.3071
746 25.4142
747 26.2426
748 27.0711
749 26.2426
750 25.4142
751 26.2426
752 26.2426
753 26
754 26.2426
755 26.2426
756 26
757 26.2426
758 26.8284
759 25.4142
760 25.4142
761 25.4142
762 25.4142
763 25.4142
764 25.4142
765 26
766 27.0711
767 28.4853
768 26.2426
769 26.6503
770 27.4787
771 27.0711
772 26.2426
773 26.2426
774 25.4142
775 26.2426
776 26.2426
777 26.8284
778 26.2426
779 27.4787
780 26.8284
781 26.2426
782 27.8863
783 25.4142
784 28.0645
785 26.8284
786 25.4142
787 26.2426
788 26.6503
789 25.4142
790 26.2426
791 25.4142
792 26.2426
793 25.4142
794 25.4142
795 25.4142
796 26
797 26.8284
798 26.2426
799 26.2426
800 25.4142
801 25.4142
802 25.4142
803 25.4142
804 25.4142
805 27.6569
806 27.4787
807 26.2426
808 27.4787
809 26.2426
810 25.4142
811 26.2426
812 26.2426
813 25.4142
814 25.4142
815 26.2426
816 26.2426
817 27.0711
818 25.4142
819 25.4142
820 25.4142
821 25.4142
822 26.2426
823 26.2426
824 26.2426
825 26.2426
826 25.4142
827 26.2426
828 25.4142
829 25.4142
830 26.2426
831 26.2426
832 26.2426
833 26.2426
834 26.2426
835 25.4142
836 25.4142
837 26.2426
838 26.2426
839 25.4142
840 25.4142
841 26.2426
842 26.6503
843 25.4142
844 25.4142
845 25.4142
846 25.4142
847 26.8284
848 25.4142
849 25.4142
850 25.4142
851 26.2426
852 25.4142
853 26.8284
854 26.2426
855 25.4142
856 26.2426
857 26.2426
858 25.4142
859 25.4142
860 25.4142
861 25.4142
862 25.4142
863 25.4142
864 25.4142
865 25.4142
866 25.4142
867 25.4142
868 26.2426
869 25.4142
870 25.4142
871 25.4142
872 25.4142
873 25.4142
874 25.4142
875 25.4142
876 25.4142
877 25.4142
878 25.4142
879 25.4142
880 25.4142
881 25.4142
882 25.4142
883 25.4142
884 25.4142
885 25.4142
886 25.4142
887 25.4142
888 25.4142
889 25.4142
890 25.4142
891 26.2426
892 25.4142
893 25.4142
894 25.4142
895 25.4142
896 25.4142
897 26.2426
898 25.4142
899 25.4142
900 26.2426
901 25.4142
902 25.4142
903 25.4142
904 25.4142
905 25.4142
906 25.4142
907 25.4142
908 25.4142
909 25.4142
910 25.4142
911 25.4142
912 25.4142
913 25.4142
914 25.4142
915 25.4142
916 25.4142
917 25.4142
918 25.4142
919 25.4142
920 25.4142
921 25.4142
922 25.4142
923 25.4142
924 25.4142
925 25.4142
926 25.4142
927 25.4142
928 25.4142
929 25.4142
930 25.4142
931 25.4142
932 25.4142
933 25.4142
934 25.4142
935 25.4142
936 25.4142
937 25.4142
938 25.4142
939 25.4142
940 25.4142
941 25.4142
942 25.4142
943 25.4142
944 25.4142
945 25.4142
