0 15.5432
1 10.6503
2 10.6503
3 12.7148
4 13.3006
5 12.8284
6 12.8284
7 14.0645
8 13.8863
9 11.8863
10 14.0645
11 14.3071
12 10
13 13.8863
14 12.4721
15 13.4787
16 11.2361
17 12.8929
18 12.0645
19 13.3006
20 13.3006
21 10.8284
22 12.0645
23 11.2361
24 15.5432
25 11.6569
26 14.8929
27 13.3006
28 12.8929
29 13.9508
30 12.2426
31 10.8284
32 12.0645
33 14.0645
34 14.4721
35 10.6503
36 15.3651
37 12.2426
38 12.0645
39 10.8284
40 12.6503
41 12.6503
42 15.9508
43 10
44 10.8284
45 11.4787
46 13.8863
47 13.3006
48 13.9508
49 11.6569
50 14.129
51 10.6503
52 13.3006
53 14.129
54 12.8929
55 11.2361
56 9.41421
57 12.2426
58 12.2426
59 12.4721
60 15.964
61 12.6503
62 11.4787
63 14.5366
64 12.4721
65 11.6569
66 12.4853
67 13.7213
68 12.0645
69 11.8863
70 11.4787
71 12.6503
72 10.8284
73 11.6569
74 11.4142
75 13.0711
76 10.8284
77 14.7148
78 12.0645
79 12.4721
80 13.3006
81 11.4787
82 10.2426
83 13.3006
84 13.3006
85 11.2361
86 13.4787
87 14.3071
88 12.4853
89 13.4787
90 11.4787
91 14.7148
92 11.4142
93 13.0711
94 12.0645
95 11.2361
96 10.6503
97 12.7148
98 13.0711
99 11.6569
100 13.4142
101 11.6569
102 10.6503
103 13.3006
104 13.3006
105 12.0645
106 12.2426
107 11.6569
108 12.0645
109 11.4142
110 14.3071
111 11.8863
112 13.6569
113 14.5366
114 12.0645
115 10.8284
116 13.6569
117 11.4787
118 13.7213
119 10.6503
120 9.41421
121 9.41421
122 12.8929
123 14.0645
124 12.8929
125 12.6503
126 13.4787
127 11.4142
128 12.8284
129 12.2426
130 14.129
131 9.41421
132 13.3006
133 10.8284
134 10.8284
135 13.1224
136 12.0645
137 12.0645
138 11.2361
139 12.2426
140 13.0711
141 9.41421
142 11.4142
143 12.8284
144 9.41421
145 11.8863
146 10.2426
147 12.6503
148 12.8929
149 14.7148
150 11.2361
151 12.0645
152 9.41421
153 10
154 12.6503
155 11.4142
156 10
157 10
158 11.2361
159 12.8929
160 12.2426
161 13.0711
162 13.8863
163 10.8284
164 9.41421
165 12.8284
166 12.4721
167 10.2426
168 12.8929
169 11.4142
170 12.8284
171 12.6503
172 13.4787
173 13.3006
174 11.8863
175 11.8863
176 13.8863
177 10
178 12.6503
179 12.8929
180 9.41421
181 11.4142
182 12.8929
183 12.4721
184 9.41421
185 9.41421
186 12.6503
187 12.8929
188 13.4787
189 10.8284
190 12.8929
191 11.4787
192 12.8929
193 13.3006
194 10.8284
195 13.0711
196 11.2361
197 10
198 12.2426
199 9.41421
200 9.41421
201 13.4787
202 10.2426
203 12.7148
204 10.8284
205 11.2361
206 13.7213
207 12.0645
208 10.6503
209 9.41421
210 9.41421
211 13.1224
212 9.41421
213 12.7148
214 10.6503
215 9.41421
216 10.8284
217 9.41421
218 10.2426
219 9.41421
220 10.8284
221 12.4721
222 9.41421
223 11.2361
224 12.2426
225 12.0645
226 12.0645
227 11.6569
228 13.6569
229 12.6503
230 10
231 10.6503
232 9.41421
233 9.41421
234 10
235 10.8284
236 10
237 12.8929
238 9.41421
239 10.2426
240 10
241 9.41421
242 10.2426
243 13.4787
244 12.7148
245 9.41421
246 9.41421
247 11.2361
248 10.8284
249 12.2426
250 12.0645
251 12.8929
252 12.8929
253 10.8284
254 12.0645
255 11.4787
256 13.4787
257 10.2426
258 12.0645
259 10.2426
260 12.0645
261 12.4721
262 10
263 12.6503
264 9.41421
265 10
266 12.0645
267 9.41421
268 9.41421
269 11.6569
270 10.8284
271 9.41421
272 12.6503
273 10.6503
274 12.2426
275 10.8284
276 9.41421
277 12.8929
278 10.2426
279 10.8284
280 12.2426
281 10.8284
282 9.41421
283 10.8284
284 11.2361
285 12.0645
286 12.0645
287 12.6503
288 10.8284
289 10.8284
290 11.8863
291 9.41421
292 10
293 10
294 9.41421
295 10.6503
296 10.6503
297 10
298 12.2426
299 9.41421
300 12.2426
301 9.41421
302 11.4142
303 9.41421
304 9.41421
305 9.41421
306 11.8863
307 10.6503
308 11.4142
309 9.41421
310 9.41421
311 9.41421
312 12.6503
313 9.41421
314 9.41421
315 9.41421
316 10.8284
317 9.41421
318 10.8284
319 10.6503
320 11.4787
321 9.41421
322 9.41421
323 9.41421
324 9.41421
325 10.2426
326 9.41421
327 9.41421
328 9.41421
329 10
330 11.2361
331 9.41421
332 9.41421
333 11.4142
334 12.6503
335 11.4142
336 9.41421
337 10.2426
338 11.8863
339 10.8284
340 10.2426
341 9.41421
342 9.41421
343 10
344 10
345 9.41421
346 10.2426
347 10.2426
348 9.41421
349 10
350 9.41421
351 10.8284
352 10.6503
353 10
354 10.8284
355 12.0645
356 9.41421
357 9.41421
358 9.41421
359 9.41421
360 12.0645
361 10
362 9.41421
363 9.41421
364 9.41421
365 10.2426
366 10.8284
367 11.4142
368 13.3006
369 9.41421
370 9.41421
371 10.8284
372 10
373 12.8284
374 10.6503
375 9.41421
376 9.41421
377 9.41421
378 10
379 11.4787
380 9.41421
381 12.0645
382 9.41421
383 9.41421
384 12.0645
385 9.41421
386 10.8284
387 9.41421
388 10.8284
389 10.2426
390 10
391 9.41421
392 9.41421
393 9.41421
394 10.8284
395 9.41421
396 10
397 10
398 9.41421
399 9.41421
400 10.8284
401 10.6503
402 10
403 9.41421
404 9.41421
405 11.4787
406 10.8284
407 10
408 11.4787
409 9.41421
410 10.6503
411 9.41421
412 9.41421
413 9.41421
414 9.41421
415 9.41421
416 10.8284
417 9.41421
418 9.41421
419 9.41421
420 10.8284
421 10.2426
422 9.41421
423 9.41421
424 10
425 9.41421
426 9.41421
427 11.2361
428 9.41421
429 9.41421
430 10
431 9.41421
432 9.41421
433 9.41421
434 9.41421
435 10.8284
436 9.41421
437 10.2426
438 10.8284
439 11.4142
440 9.41421
441 10.6503
442 9.41421
443 9.41421
444 10.2426
445 9.41421
446 10.6503
447 10
448 10.8284
449 10.2426
450 9.41421
451 9.41421
452 10.6503
453 10
454 10.2426
455 9.41421
456 9.41421
457 9.41421
458 9.41421
459 10
460 9.41421
461 9.41421
462 9.41421
463 9.41421
464 9.41421
465 9.41421
466 13.3006
467 10.2426
468 9.41421
469 10.8284
470 10.8284
471 9.41421
472 9.41421
473 10.8284
474 9.41421
475 9.41421
476 9.41421
477 9.41421
478 9.41421
479 9.41421
480 9.41421
481 9.41421
482 9.41421
483 10
484 9.41421
485 9.41421
486 9.41421
487 9.41421
488 9.41421
489 9.41421
490 9.41421
491 9.41421
492 9.41421
493 9.41421
494 9.41421
495 10
496 10
497 9.41421
498 9.41421
499 10.2426
500 9.41421
501 10
502 9.41421
503 9.41421
504 9.41421
505 11.2361
506 9.41421
507 9.41421
508 9.41421
509 9.41421
510 9.41421
511 9.41421
512 9.41421
513 10
514 9.41421
515 9.41421
516 10.8284
517 10
518 9.41421
519 10
520 9.41421
521 9.41421
522 9.41421
523 9.41421
524 9.41421
525 9.41421
526 9.41421
527 9.41421
528 10.2426
529 10.8284
530 9.41421
531 9.41421
532 9.41421
533 10
534 9.41421
535 9.41421
536 9.41421
537 10
538 9.41421
539 9.41421
540 9.41421
541 10
542 10.2426
543 9.41421
544 10
545 9.41421
546 9.41421
547 9.41421
548 9.41421
549 10
550 9.41421
551 9.41421
552 9.41421
553 9.41421
554 10
555 9.41421
556 9.41421
557 9.41421
558 9.41421
559 9.41421
560 9.41421
561 9.41421
562 9.41421
563 9.41421
564 9.41421
565 10
566 10
567 9.41421
568 9.41421
569 9.41421
570 9.41421
571 12
572 9.41421
573 9.41421
574 9.41421
575 9.41421
576 9.41421
577 10.2426
578 9.41421
579 9.41421
580 10
581 9.41421
582 9.41421
583 9.41421
584 9.41421
585 9.41421
586 9.41421
587 9.41421
588 9.41421
589 9.41421
590 9.41421
591 9.41421
592 9.41421
593 9.41421
594 9.41421
595 9.41421
596 9.41421
597 9.41421
598 9.41421
599 9.41421
600 9.41421
601 9.41421
602 9.41421
603 9.41421
604 9.41421
605 9.41421
606 9.41421
607 9.41421
608 9.41421
609 9.41421
610 9.41421
611 9.41421
612 9.41421
613 9.41421
614 9.41421
615 9.41421
616 9.41421
617 9.41421
618 10
619 9.41421
620 9.41421
621 9.41421
622 9.41421
623 9.41421
624 9.41421
625 9.41421
626 9.41421
627 9.41421
628 10.2426
629 9.41421
630 9.41421
631 9.41421
632 9.41421
633 9.41421
634 9.41421
635 9.41421
636 9.41421
637 9.41421
638 9.41421
639 9.41421
640 9.41421
641 9.41421
642 9.41421
643 9.41421
644 10
645 9.41421
646 9.41421
647 9.41421
648 9.41421
649 9.41421
650 9.41421
651 9.41421
652 9.41421
653 9.41421
654 9.41421
655 9.41421
656 9.41421
657 9.41421
658 9.41421
659 9.41421
660 9.41421
661 9.41421
662 9.41421
663 9.41421
664 9.41421
665 9.41421
666 9.41421
667 9.41421
668 9.41421
669 9.41421
670 9.41421
671 9.41421
672 9.41421
673 9.41421
674 9.41421
675 9.41421
676 9.41421
677 9.41421
678 9.41421
679 9.41421
680 9.41421
681 9.41421
682 9.41421
683 9.41421
684 9.41421
685 9.41421
686 9.41421
687 9.41421
688 9.41421
689 9.41421
690 9.41421
691 9.41421
692 9.41421
693 9.41421
694 9.41421
695 9.41421
696 9.41421
697 9.41421
698 9.41421
699 9.41421
700 9.41421
701 9.41421
702 9.41421
703 9.41421
704 9.41421
705 9.41421
706 9.41421
707 9.41421
708 9.41421
709 9.41421
710 9.41421
711 9.41421
712 9.41421
