0 181.047
1 141.937
2 134.647
3 141.165
4 122.848
5 152.405
6 133.075
7 130.854
8 146.727
9 149.815
10 141.697
11 135.632
12 129.654
13 153.56
14 177.909
15 152.649
16 149.87
17 128.25
18 139.613
19 149.687
20 143.689
21 144.743
22 140.963
23 159.516
24 135.005
25 155.11
26 149.216
27 136.36
28 141.901
29 148.788
30 160.543
31 124.798
32 143.476
33 136.975
34 142.894
35 138.994
36 154.909
37 127.482
38 149.165
39 143.572
40 126.895
41 133.274
42 128.689
43 139.855
44 163.841
45 138.238
46 135.728
47 123.588
48 125.528
49 128.037
50 141.447
51 136.684
52 134.246
53 151.693
54 132.207
55 121.629
56 137.632
57 125.872
58 126.527
59 143.738
60 143.28
61 149.381
62 132.225
63 152.341
64 144.028
65 118.586
66 139.474
67 140.075
68 131.869
69 130.321
70 136.133
71 148.171
72 115.766
73 121.556
74 121.101
75 125.514
76 137.057
77 133.425
78 130.442
79 127.669
80 115.539
81 124.026
82 119.584
83 148.122
84 124.277
85 143.255
86 119.511
87 134.358
88 135.692
89 132.91
90 130.919
91 131.529
92 158.794
93 132.096
94 131.053
95 115.027
96 142.154
97 121.638
98 130.238
99 121.366
100 137.27
101 112.815
102 117.36
103 129.055
104 141.963
105 119.129
106 131.936
107 127.623
108 136.067
109 126.831
110 123.037
111 139.336
112 119.675
113 127.446
114 133.075
115 121.414
116 114.697
117 112.201
118 122.636
119 124.44
120 129.942
121 141.305
122 122.484
123 121.585
124 132.496
125 118.301
126 114.195
127 110.249
128 122.174
129 112.282
130 115.741
131 116.21
132 119.073
133 122.866
134 115.676
135 118.522
136 126.84
137 119.237
138 118.036
139 127.397
140 115.861
141 144.63
142 118.188
143 124.54
144 106.383
145 114.59
146 120.083
147 105.49
148 118.583
149 133.013
150 112.193
151 116.175
152 115.999
153 112.914
154 116.395
155 109.487
156 109.009
157 123.328
158 121.278
159 121.165
160 113.027
161 129.28
162 120.114
163 116.535
164 117.159
165 112.255
166 101.136
167 119.609
168 132.177
169 120.009
170 116.103
171 134.02
172 135.543
173 111.726
174 112.56
175 142.807
176 136.698
177 113.198
178 110.697
179 105.848
180 133.298
181 108.135
182 111.314
183 119.539
184 136.437
185 120.853
186 126.119
187 106.674
188 126.136
189 118.129
190 103.121
191 132.3
192 118.096
193 114.694
194 131.995
195 125.467
196 130.83
197 106.372
198 113.966
199 122.527
200 106.515
201 112.391
202 99.1298
203 119.486
204 112.814
205 106.022
206 120.532
207 112.859
208 101.984
209 95.7779
210 97.5528
211 109.588
212 103.161
213 92.3439
214 102.758
215 112.325
216 114.122
217 121.105
218 106.464
219 123.342
220 103.139
221 116.49
222 118.632
223 107.996
224 106.276
225 105.296
226 112.855
227 105.77
228 100.866
229 109.369
230 91.7855
231 106.591
232 99.9196
233 123.428
234 100.851
235 115.432
236 98.6909
237 106.265
238 98.5493
239 96.6432
240 97.3163
241 93.0916
242 112.455
243 104.487
244 104.98
245 117.219
246 96.6848
247 97.4461
248 92.3937
249 117.769
250 119.035
251 110.182
252 99.6207
253 99.7147
254 105.978
255 106.615
256 101.665
257 89.2296
258 107.328
259 102.719
260 92.2791
261 115.181
262 102.646
263 105.172
264 102.514
265 100.686
266 102.859
267 98.3409
268 107.763
269 105.801
270 100.531
271 103.098
272 84.4675
273 91.8573
274 99.048
275 106.404
276 96.4451
277 108.897
278 90.4273
279 99.1374
280 106.266
281 88.5152
282 99.838
283 102.167
284 95.6189
285 101.076
286 112.203
287 97.0364
288 116.468
289 86.9449
290 91.9263
291 100.257
292 88.7535
293 91.2114
294 102.611
295 101.781
296 96.8051
297 96.9481
298 94.5437
299 97.1971
300 94.1205
301 80.3777
302 89.1218
303 97.8674
304 107.711
305 105.044
306 86.556
307 95.1722
308 105.012
309 90.1455
310 100.387
311 83.6588
312 101.035
313 90.2735
314 91.6015
315 99.6241
316 97.7602
317 83.2548
318 79.2501
319 99.4562
320 83.0929
321 101.668
322 89.1297
323 90.0462
324 75.9964
325 89.3041
326 89.2146
327 89.0788
328 95.4729
329 74.0612
330 101.458
331 100.911
332 91.4888
333 92.8486
334 94.8897
335 88.9601
336 86.4332
337 98.6791
338 117.217
339 88.7689
340 72.8498
341 79.9275
342 88.5214
343 90.9228
344 98.2401
345 80.482
346 87.0127
347 92.3773
348 86.1546
349 96.0274
350 77.6089
351 83.9635
352 87.7759
353 81.2656
354 87.0991
355 95.0086
356 95.5763
357 95.686
358 92.0963
359 93.4309
360 96.6576
361 82.7406
362 83.694
363 92.0367
364 106.474
365 87.0413
366 85.2142
367 78.9839
368 81.08
369 80.4216
370 86.3366
371 90.9023
372 83.0434
373 91.0792
374 76.3232
375 88.7867
376 81.4669
377 95.2325
378 88.9795
379 84.8142
380 84.9701
381 100.694
382 99.7448
383 82.4197
384 84.5372
385 96.0566
386 84.9925
387 91.8386
388 85.7862
389 82.5386
390 86.4822
391 96.7117
392 81.5814
393 85.9952
394 82.8894
395 95.6249
396 77.6565
397 92.0959
398 99.6391
399 79.0243
400 82.6624
401 91.2208
402 81.3618
403 95.3399
404 90.0987
405 79.1904
406 86.915
407 93.6758
408 70.0612
409 84.3618
410 87.0201
411 84.4422
412 72.3951
413 84.6995
414 78.1083
415 77.3062
416 81.5216
417 78.7543
418 95.3156
419 79.6075
420 81.462
421 84.8156
422 82.8013
423 82.5309
424 76.0577
425 73.7389
426 90.7992
427 86.4749
428 87.913
429 77.8445
430 75.7181
431 78.4067
432 81.351
433 80.9701
434 75.7608
435 73.2023
436 89.7966
437 74.4422
438 87.9805
439 80.9549
440 79.0187
441 67.2975
442 80.7012
443 75.2023
444 80.8804
445 81.0998
446 72.9766
447 75.7669
448 78.0915
449 86.6695
450 75.2192
451 78.0903
452 94.0516
453 80.7965
454 81.7867
455 81.4138
456 81.6259
457 71.7367
458 69.619
459 78.6401
460 74.3437
461 75.3883
462 75.2433
463 85.1521
464 85.2067
465 82.776
466 78.1504
467 73.7073
468 75.0793
469 75.8439
470 80.4942
471 75.3637
472 75.5492
473 68.2487
474 65.0996
475 79.6522
476 81.8117
477 84.0354
478 67.3488
479 76.2814
480 75.8843
481 75.5492
482 72.0837
483 80.6496
484 74.5465
485 71.1707
486 65.4493
487 80.5114
488 75.6536
489 85.8154
490 74.5465
491 81.953
492 76.8225
493 75.9875
494 78.7014
495 76.2793
496 71.1416
497 68.4559
498 71.5631
499 69.7274
500 75.246
501 77.1106
502 82.6288
503 81.721
504 71.0379
505 69.6602
506 73.0969
507 71.2428
508 77.6379
509 75.0353
510 70.7208
511 75.3842
512 81.698
513 63.0733
514 62.9128
515 71.057
516 70.4942
517 72.3132
518 70.7804
519 79.9282
520 70.5565
521 79.0254
522 70.0959
523 61.4203
524 62.258
525 77.121
526 67.6089
527 77.0324
528 66.763
529 81.9488
530 64.8569
531 68.0258
532 72.5335
533 67.0417
534 66.4383
535 74.0903
536 67.3887
537 73.525
538 75.4225
539 69.4046
540 71.6237
541 70.516
542 70.0082
543 71.411
544 77.6957
545 82.0361
546 71.4623
547 66.3422
548 68.3623
549 71.6722
550 77.9344
551 64.2618
552 64.2253
553 70.5717
554 75.8657
555 66.222
556 75.2472
557 66.4361
558 71.4449
559 65.9662
560 67.7149
561 74.4596
562 66.6788
563 65.1509
564 68.469
565 63.1908
566 63.1062
567 72.4913
568 68.9679
569 66.5312
570 62.5918
571 65.2012
572 75.5981
573 71.569
574 63.841
575 69.1416
576 63.0417
577 64.8598
578 65.8503
579 68.994
580 73.7433
581 68.9766
582 78.6624
583 65.6722
584 65.1683
585 68.9083
586 62.77
587 66.5138
588 73.6889
589 63.4427
590 68.3247
591 71.5592
592 60.4361
593 66.0705
594 62.0192
595 69.2973
596 63.4334
597 63.6722
598 64.0705
599 58.1488
600 61.0864
601 62.6224
602 62.8569
603 71.7317
604 65.6853
605 64.6172
606 62.2066
607 66.605
608 63.7858
609 66.4268
610 64.9728
611 65.6629
612 66.057
613 64.093
614 68.3777
615 66.2066
616 67.5052
617 64.8701
618 63.9155
619 61.98
620 59.4427
621 60.9574
622 60.9034
623 67.6875
624 63.4848
625 58.4493
626 64.4361
627 65.5072
628 63.5072
629 64.8029
630 65.9148
631 62.8345
632 60.129
633 63.8503
634 67.9875
635 59.1356
636 66.6854
637 72.2777
638 62.0012
639 56.5405
640 62.2133
641 59.7121
642 62.634
643 62.3623
644 58.7924
645 63.4848
646 62.2618
647 64.1749
648 58.2066
649 60.4667
650 61.9017
651 67.2619
652 61.9547
653 63.494
654 65.1908
655 57.0351
656 60.0285
657 62.5006
658 60.3716
659 57.3044
660 58.1197
661 61.0417
662 65.2105
663 61.7367
664 62.3356
665 66.552
666 57.0219
667 65.6827
668 61.4296
669 61.4493
670 61.7367
671 64.5006
672 58.9034
673 63.8503
674 64.6563
675 59.3782
676 58.8836
677 60.2978
678 67.7433
679 59.3651
680 70.3777
681 55.1356
682 58.258
683 60.4493
684 62.1197
685 60.2885
686 59.8503
687 56.9574
688 60.0285
689 53.8995
690 62.093
691 65.193
692 68.258
693 57.4296
694 63.7274
695 59.799
696 64.2088
697 64.2487
698 61.5072
699 62.0798
700 56.1328
701 55.2001
702 56.3269
703 55.5563
704 60.4493
705 56.67
706 53.5563
707 57.0351
708 58.9706
709 61.2001
710 61.494
711 61.9017
712 58.8569
713 58.0285
714 58.258
715 61.8701
716 57.964
717 57.964
718 53.8995
719 61.7765
720 53.8995
721 58.4361
722 62.8569
723 55.3137
724 58.2711
725 54.9706
726 57.5432
727 61.5471
728 61.2646
729 58.1197
730 60.9083
731 60.4361
732 58.1935
733 57.1356
734 62.9214
735 56.2978
736 61.5984
737 56.7924
738 57.3137
739 58.7924
740 61.1356
741 56.7924
742 59.0219
743 60.0153
744 54.7279
745 61.7367
746 58.3716
747 62.9083
748 56.5498
749 60.5006
750 57.7858
751 60.258
752 58.4361
753 58.6274
754 56.2066
755 56.9574
756 61.6722
757 54.5498
758 61.6077
759 53.0711
760 58.3623
761 59.6208
762 52.4853
763 57.9547
764 59.0351
765 54.9706
766 57.0219
767 58.7924
768 57.3689
769 54.3071
770 54.7279
771 55.1356
772 59.0219
773 56.3071
774 53.3137
775 53.3137
776 58.6788
777 60.258
778 57.1356
779 60.1973
780 55.964
781 56.9574
782 55.3137
783 59.2001
784 55.3782
785 53.7213
786 53.5432
787 55.4787
788 59.4296
789 57.4296
790 53.6569
791 56.9481
792 57.6077
793 57.964
794 57.7858
795 56.0285
796 55.1356
797 53.3137
798 52.7279
799 53.8995
800 53.0711
801 55.9508
802 55.3782
803 54.5498
804 54.129
805 56.6143
806 56.5405
807 54.9574
808 52.8929
809 55.5563
810 56.3716
811 56.0645
812 53.3137
813 53.1356
814 54.4853
815 51.8995
816 51.6569
817 55.7858
818 51.8995
819 53.1356
820 57.3137
821 56.9574
822 57.2001
823 58.3716
824 54.7148
825 55.7858
826 52.3071
827 57.0219
828 57.0618
829 51.4787
830 56.1421
831 52.2426
832 52.7279
833 53.0711
834 56.0285
835 54.8929
836 55.5432
837 58.093
838 53.5432
839 54.7279
840 52.7279
841 54.1421
842 53.3137
843 55.3137
844 49.4142
845 56.0285
846 53.964
847 53.7213
848 52.0645
849 52.2426
850 53.964
851 51.8995
852 53.3137
853 53.8995
854 56.8569
855 53.6569
856 52.3071
857 54.3071
858 54.3071
859 52.8929
860 51.6569
861 55.3782
862 54.7148
863 54.7279
864 52.7279
865 52.8929
866 52.4853
867 54.3071
868 52.4853
869 53.3137
870 52.3071
871 57.4427
872 55.0711
873 51.8995
874 57.3782
875 55.964
876 50.8284
877 58.4361
878 51.0711
879 54.8929
880 51.4787
881 50.2426
882 51.0711
883 51.6569
884 52.3071
885 53.3137
886 54.1421
887 56.2426
888 51.8995
889 51.8995
890 51.0711
891 51.0711
892 52.8929
893 50.2426
894 52.8929
895 51.4787
896 51.8995
897 52.4853
898 50.2426
899 50.6503
900 52.4853
901 53.0711
902 53.9508
903 52.2426
904 52.8929
905 50.6503
906 52.3071
907 54.1421
908 53.3137
909 51.8995
910 51.0711
911 49.4142
912 54.5498
913 52.3071
914 50.2426
915 50.2426
916 52.3071
917 51.8995
918 51.8995
919 51.8995
920 53.3006
921 53.3137
922 51.0711
923 50.2426
924 51.0711
925 50
926 50.2426
927 51.0711
928 51.6569
929 53.1356
930 52.4853
931 53.7213
932 52.0645
933 51.0711
934 50.8284
935 51.0711
936 51.6569
937 51.0711
938 51.6569
939 52.8929
940 52.7279
941 50.2426
942 52.6503
943 52.4853
944 52.3071
945 50.2426
946 49.4142
947 50.2426
948 51.6569
949 50.2426
950 50.8284
951 51.0711
952 52.2426
953 51.0711
954 50.2426
955 50.8284
956 51.8995
957 50.2426
958 49.4142
959 49.4142
960 51.6569
961 50.2426
962 50.2426
963 51.4142
964 53.1356
965 51.8995
966 50.2426
967 51.8995
968 51.0711
969 51.6569
970 51.4787
971 50.2426
972 50.2426
973 50.8284
974 49.4142
975 50.6503
976 50.2426
977 51.0711
978 51.6569
979 51.0711
980 50.2426
981 50.2426
982 51.4787
983 50.6503
984 50.8284
985 49.4142
986 49.4142
987 51.0711
988 50.2426
989 49.4142
990 49.4142
991 50.2426
992 51.0711
993 51.4787
994 49.4142
995 49.4142
996 50.8284
997 50.2426
998 50.2426
999 49.4142
1000 49.4142
1001 49.4142
1002 49.4142
1003 49.4142
1004 49.4142
1005 50.2426
1006 50.8284
1007 50.2426
1008 49.4142
1009 49.4142
1010 49.4142
1011 50.2426
1012 49.4142
1013 49.4142
1014 49.4142
1015 50.2426
1016 51.0711
1017 50.2426
1018 50.2426
1019 49.4142
1020 49.4142
1021 49.4142
1022 49.4142
1023 49.4142
1024 49.4142
1025 49.4142
1026 49.4142
1027 49.4142
1028 49.4142
1029 49.4142
1030 49.4142
1031 49.4142
1032 49.4142
1033 49.4142
1034 49.4142
1035 49.4142
1036 49.4142
1037 49.4142
1038 49.4142
1039 49.4142
1040 49.4142
1041 49.4142
1042 49.4142
1043 49.4142
1044 49.4142
1045 49.4142
1046 49.4142
1047 49.4142
1048 49.4142
1049 49.4142
1050 49.4142
1051 49.4142
1052 50
1053 49.4142
1054 49.4142
1055 49.4142
1056 49.4142
1057 49.4142
1058 49.4142
1059 49.4142
1060 49.4142
1061 49.4142
1062 49.4142
1063 49.4142
1064 49.4142
